muestras
7
x
y
z
cut
au
ug1
ug2
193 528.6 39 0.12 0 4 10
335.1 38 97 0.13 0.028 4 10
250.7 593.4 36 0.13 0.027 4 10
275.8 517.2 86.1 0.19 0 4 10
256.1 529.1 61.8 0.19 0.039 4 10
335.1 38 109 0.19 0.013 4 10
250.7 593.4 24 0.19 0.026 4 10
394.9 218.3 133.2 0.21 0.022 4 10
250.7 593.4 48 0.22 0.026 4 10
335.1 38 85 0.22 0.149 4 10
275.8 517.2 98.1 0.24 0 4 10
370.8 473.3 120.1 0.24 0.047 4 10
273.6 495 108 0.24 0 4 10
144 584.4 52.2 0.24 0.019 4 10
204.9 527.6 11.2 0.25 0.061 4 10
375.6 352.2 72.2 0.25 0.015 4 10
257 503.4 34 0.26 0.028 4 10
362.5 61.2 89.3 0.26 0.033 4 10
250.7 593.4 12 0.26 0.027 4 10
218.3 592.5 24.1 0.27 0.375 4 10
335.1 38 121 0.27 0.271 4 10
213.4 527.8 19.6 0.28 0.085 4 10
250.9 470.3 74.3 0.28 0 4 10
360.5 535 125.5 0.28 0.035 4 10
375.6 352.2 132.2 0.28 0.089 4 10
193 528.6 72 0.28 0.142 4 10
135.9 585.2 74.8 0.29 0.04 4 10
139.9 584.8 63.5 0.29 0.101 4 10
375.6 352.2 60.2 0.29 0.027 4 10
250.2 533 108 0.29 0.003 4 10
250.7 593.4 60 0.29 0.012 4 10
247.6 528.9 53.3 0.3 0.196 4 10
375.6 352.2 120.2 0.3 0.145 4 10
307.1 443.5 114 0.3 0 4 10
257 503.4 22 0.31 0 4 10
312.5 502 34.6 0.31 0.027 4 10
139.8 593.4 54.8 0.31 0.038 4 10
283.7 550.7 132 0.31 0 4 10
309.3 500.8 131 0.31 0.023 4 10
317.8 505.6 44.7 0.31 0.081 4 10
315.9 530.9 120.8 0.31 0.085 4 10
250.2 533 120 0.32 0.026 4 10
103.2 20.4 24.6 0.32 0.026 4 10
273.2 529.7 78.6 0.33 0.071 4 10
157.1 38.7 84.2 0.33 0.329 4 10
131.8 585.6 86.1 0.33 0.15 4 10
370.8 473.3 132.1 0.33 0.134 4 10
302 470.8 125.1 0.33 0 4 10
257.8 510.7 108 0.34 0 4 10
257 503.4 46 0.34 0.041 4 10
377 352.9 123.7 0.34 0.04 4 10
275.8 517.2 122.1 0.34 0 4 10
344.5 524 95.2 0.34 0.074 4 10
193 528.6 48 0.34 3.301 4 10
157.1 14.2 108.9 0.35 0.125 4 10
275.8 517.2 110.1 0.35 0 4 10
273.1 472.9 6 0.35 0.069 4 10
333.8 516.6 75 0.35 0.083 4 10
307.3 530.7 112.3 0.35 0.155 4 10
242.4 470.2 65.9 0.35 0.063 4 10
159.3 35.9 72 0.35 0.16 4 10
257 503.4 70 0.35 0.03 4 10
193 528.6 60 0.36 0.241 4 10
335.1 38 73 0.36 0.493 4 10
257 503.4 58 0.36 0.223 4 10
335.1 38 133 0.36 0.17 4 10
244.1 472.7 84.8 0.36 0.051 4 10
259.5 470.3 82.8 0.37 0.106 4 10
260.7 472.5 39.8 0.37 0.276 4 10
310.3 473.1 24 0.37 0.752 4 10
250.2 533 88 0.37 0.029 4 10
307.1 443.5 126 0.38 0.026 4 10
195.6 532.7 77.6 0.38 0.541 4 10
219.4 517.9 72 0.38 0.476 4 10
310.3 473.1 120 0.38 0.103 4 10
310.3 473.1 132 0.38 0.057 4 10
221 532.8 103.1 0.38 0.92 4 10
365.7 354 64.8 0.38 0.099 4 10
126.2 2.4 63.1 0.39 0.071 4 10
394.9 218.3 102.7 0.39 4.783 4 10
298.8 530.4 103.9 0.39 0 4 10
239.9 472.8 96.1 0.4 0.011 4 10
323.2 509.3 54.8 0.4 0.15 4 10
222 528.1 28 0.4 0.244 4 10
324.4 531.2 129.2 0.4 0.021 4 10
301.8 494.6 14.4 0.4 0.401 4 10
310.8 413.6 36 0.4 0.254 4 10
250.2 533 96 0.4 0 4 10
190.6 593 24 0.4 0.312 4 10
394.9 218.3 109.2 0.4 3.432 4 10
290.3 530.2 95.5 0.41 2.205 4 10
349.8 527.6 105.3 0.41 0.056 4 10
222.6 592 12.9 0.41 0.427 4 10
127.7 586 97.3 0.41 0.075 4 10
259.2 443.3 53.5 0.42 0.547 4 10
339.2 520.3 85.1 0.42 0.113 4 10
281.7 529.9 87 0.42 0.091 4 10
307.2 498.3 24.5 0.42 0.846 4 10
355.2 531.3 115.4 0.42 0.255 4 10
310.3 473.1 48 0.42 0.271 4 10
310.3 473.1 84 0.42 0.149 4 10
310.8 413.6 108 0.42 0.04 4 10
257 503.4 10 0.42 0.012 4 10
189.9 29.5 121.4 0.42 0.474 4 10
235.8 472.9 107.4 0.42 0 4 10
368.2 403.3 22.5 0.43 1.291 4 10
109.2 19.6 14.2 0.43 0.241 4 10
310.8 413.6 120 0.43 0.033 4 10
130 23 72 0.43 0.037 4 10
359.7 403.9 14 0.44 1.715 4 10
157.5 35.4 90.9 0.44 0.078 4 10
233.9 470.1 57.4 0.44 0.07 4 10
264.8 472.6 28.5 0.44 0.085 4 10
219.4 517.9 84 0.44 0.177 4 10
379.2 352.8 135.5 0.44 0.801 4 10
273.6 495 120 0.45 0.001 4 10
310.3 473.1 72 0.45 0.822 4 10
157.1 14.2 96.9 0.46 0.714 4 10
130.5 2.4 51.9 0.47 0.26 4 10
368 353.7 76.6 0.47 1.331 4 10
375.6 352.2 108.2 0.47 0.246 4 10
190.6 593 96 0.47 0 4 10
335.1 38 61 0.47 0.143 4 10
364 294.3 72.5 0.47 2.286 4 10
257 503.4 82 0.47 0.041 4 10
204.1 532.7 86.1 0.48 0.777 4 10
365.1 294.1 84.4 0.48 3.161 4 10
70.8 56.6 16.2 0.48 0.14 4 10
310.8 413.6 72 0.48 0 4 10
239 528.6 44.9 0.49 0.428 4 10
220.5 488 106.8 0.49 0.031 4 10
310.5 470.9 133.6 0.49 0.22 4 10
370.4 172.9 132.3 0.49 2.083 4 10
310.3 473.1 60 0.49 0.369 4 10
230.5 528.4 36.5 0.5 0.202 4 20
257 503.4 94 0.5 0.028 4 20
370.4 172.9 108.3 0.5 2.128 4 20
370.3 353.5 88.3 0.5 0.128 4 20
307.1 443.5 102 0.5 0.149 4 20
307.1 443.5 57 0.51 0.129 4 20
394.9 218.3 121.2 0.51 1.336 4 20
264.7 529.4 70.2 0.52 0.133 4 20
276.5 470.5 99.7 0.52 0.021 4 20
374.8 353.1 111.9 0.53 0.169 4 20
340.4 368 132 0.53 0.112 4 20
310.3 473.1 96 0.53 0.139 4 20
232.5 95.9 56.3 0.54 0.197 4 20
285 470.6 108.2 0.54 0.04 4 20
130 23 96 0.54 0.475 4 20
130 23 108 0.54 2.858 4 20
134.9 2.5 40.7 0.54 0.111 4 20
273 428 51.8 0.54 0.974 4 20
367.3 293.9 108.3 0.55 9.869 4 20
252.4 472.5 62.3 0.55 0.294 4 20
259.2 443.3 17.5 0.55 0.381 4 20
192.4 595.4 91.2 0.55 0.015 4 20
328.5 513 64.9 0.55 0.643 4 20
293.5 470.7 116.7 0.55 0.033 4 20
259.2 443.3 65.5 0.56 0.155 4 20
248.2 472.6 73.6 0.56 0.038 4 20
363 294.4 60.5 0.56 3.619 4 20
375.6 352.2 84.2 0.56 0.676 4 20
220.5 488 83.3 0.56 1.761 4 20
368.3 293.7 120.3 0.56 2.325 4 20
237.9 532.9 120.1 0.57 0.028 4 20
338 68.4 96.7 0.57 1.047 4 20
159.3 35.9 24 0.57 0.028 4 20
310.8 413.6 24 0.57 0.072 4 20
268.9 472.8 17.3 0.57 0.321 4 20
121.9 2.3 74.2 0.57 0.737 4 20
338 68.4 120.7 0.59 1.201 4 20
159.3 38 24 0.59 0.371 4 20
310.8 413.6 12 0.59 2.41 4 20
361.9 294.5 48.6 0.6 2.034 4 20
219.4 517.9 96 0.6 4.156 4 20
259.2 443.3 29.5 0.6 0.261 4 20
190.6 593 108 0.6 0.526 4 20
259.2 443.3 101.5 0.61 0.069 4 20
220.8 98.1 72.2 0.62 0.389 4 20
365.3 113.4 119.8 0.62 0.07 4 20
190.6 593 12 0.62 1.006 4 20
275.8 517.2 74.1 0.62 0.128 4 20
259.2 443.3 89.5 0.63 0.125 4 20
385.2 402.1 39.3 0.63 1.183 4 20
310.3 473.1 12 0.63 3.863 4 20
257 503.4 106 0.63 0.048 4 20
256.5 472.4 51.1 0.64 2.954 4 20
196.8 595 80.1 0.64 0.352 4 20
259.2 443.3 41.5 0.65 1.247 4 20
310.3 473.1 108 0.65 0.895 4 20
310.8 413.6 60 0.65 0.179 4 20
363.5 354.2 53 0.66 1.115 4 20
366.2 294 96.4 0.66 7.561 4 20
226.7 101.9 65 0.66 0.748 4 20
97.1 21.2 34.9 0.66 2.483 4 20
376.7 402.7 30.9 0.66 2.904 4 20
159.8 583 6.9 0.67 2.557 4 20
220.5 488 94.8 0.67 1.934 4 20
159.3 35.9 84 0.67 1.133 4 20
100.3 8.3 72.4 0.67 0.03 4 20
338 68.4 132.7 0.68 2.894 4 20
100.3 8.3 60.4 0.68 0.235 4 20
307.1 443.5 90 0.68 0.109 4 20
393.8 401.5 47.7 0.69 2.607 4 20
250.6 562.7 120 0.69 0.402 4 20
307.1 443.5 66 0.69 0.708 4 20
273 428 39.8 0.7 1.342 4 20
346.8 60.7 73.1 0.7 0.893 4 20
220.5 488 118.8 0.7 0.265 4 20
159.3 38 84 0.7 1.017 4 20
250.4 473 95.7 0.7 0.087 4 20
212.5 532.8 94.6 0.71 6.059 4 20
143.8 2.5 18.4 0.71 0.273 4 20
275.8 517.2 67.1 0.71 0.247 4 20
375.6 352.2 96.2 0.72 2.81 4 20
229.5 532.9 111.6 0.73 1.379 4 20
250.4 473 119.7 0.73 0 4 20
221 107.9 73.6 0.74 1.512 4 20
268 470.4 91.3 0.74 0.616 4 20
220.5 518.8 108 0.74 0.42 4 20
157.1 14.2 120.9 0.74 3.2 4 20
340.2 98.1 108.2 0.75 1.597 4 20
310.3 473.1 36 0.75 0.715 4 20
310.8 413.6 96 0.75 0.135 4 20
259.2 443.3 77.5 0.76 0.444 4 20
100.3 8.3 48.4 0.76 0.321 4 20
148.3 2.5 7.3 0.76 0.027 4 20
355.2 60.9 81.7 0.76 5.074 4 20
66.6 56.8 27.5 0.76 0.066 4 20
338 68.4 60.7 0.77 0.312 4 20
340.2 98.1 96.2 0.78 0.308 4 20
356.6 354.9 17.7 0.79 3.184 4 20
220.5 518.8 120 0.79 1.206 4 20
310.8 413.6 132 0.79 0.432 4 20
340.4 128 131.1 0.79 0.312 4 20
246.4 533 128.6 0.8 0.22 4 20
277.6 297.5 26.9 0.8 0.037 4 20
190.6 593 84 0.8 0.173 4 20
310.8 413.6 84 0.81 0.622 4 20
261.2 45.7 96 0.81 5.609 4 20
134.1 40.7 36.6 0.82 0.222 4 20
273 428 63.8 0.82 0.193 4 20
238.2 89.8 47.7 0.82 2.613 4 20
332.3 52.9 132.4 0.83 2.566 4 20
338 68.4 108.7 0.83 5.89 4 20
307.1 443.5 78 0.84 0.24 4 20
157.1 14.2 72.9 0.85 0.249 4 20
273 428 27.8 0.86 0.423 4 20
117.5 2.3 85.4 0.86 0.319 4 20
372.7 353.3 100.1 0.87 5.352 4 20
158.7 24.6 112.4 0.88 7.904 4 20
219.7 468.3 116.3 0.88 0.054 4 20
273 428 19.8 0.89 0.168 4 20
157.1 14.2 60.9 0.89 0.762 4 20
215.2 114 82.2 0.9 3.026 4 20
157.1 14.2 54.4 0.9 1.543 4 20
290.4 298 60.6 0.91 2.82 4 20
281.9 297.7 38.2 0.91 0.209 4 20
160.4 38 83.9 0.91 2.108 4 20
250.2 292.9 120 0.91 1.721 4 20
340.4 128 119.1 0.92 0.997 4 20
340.4 128 107.1 0.92 2.022 4 20
365.3 113.4 131.8 0.92 2.596 4 20
250.4 443 83.7 0.92 1.089 4 20
259.2 443.3 113.5 0.94 0.03 4 20
250.4 443 95.2 0.94 0.101 4 20
130 23 84 0.94 1.147 4 20
358.9 354.6 29.4 0.95 2.235 4 20
261.2 45.7 84 0.97 6.271 4 20
190.4 113 96 0.97 1.246 4 20
338 68.4 72.7 0.98 1.426 4 20
190.4 113 132 0.98 1.158 4 20
212.3 473.2 126.5 1 1.736 4 30
321.6 349.7 40.9 1 0.3 4 30
204.7 115.7 123.7 1.01 14.06 4 30
250.4 473 107.7 1.01 0.242 4 30
178.7 532.6 60.6 1.01 3.713 4 30
361.3 354.3 41.2 1.01 4.845 4 30
273 428 87.8 1.02 1.068 4 30
370.4 172.9 84.3 1.02 7.434 4 30
370.4 172.9 120.3 1.02 19.548 4 30
310.8 413.6 48 1.02 1.845 4 30
342.5 348.4 11.6 1.02 3.888 4 30
219.4 517.9 108 1.03 5.088 4 30
159.3 38 12 1.03 1.561 4 30
250.4 443 107.2 1.03 0.126 4 30
273 428 111.8 1.04 0.02 4 30
257 503.4 118 1.04 0.096 4 30
286.1 297.8 49.4 1.05 2.858 4 30
197.5 97.9 95.4 1.06 1.985 4 30
261.2 45.7 48 1.06 2.018 4 30
134.1 40.7 60.6 1.06 1.76 4 30
370.4 172.9 96.3 1.07 5.283 4 30
197.5 97.9 131.4 1.07 2.242 4 30
159.3 35.9 12 1.07 1.194 4 30
273 428 75.8 1.09 1.618 4 30
274.6 462.3 121 1.1 0.103 4 30
255.5 71.8 21.8 1.11 5.439 4 30
274.6 462.3 114.5 1.12 0.081 4 30
219.4 517.9 120 1.12 1.876 4 30
280.4 428 107.5 1.13 0.134 4 30
261.2 45.7 108 1.13 5.924 4 30
296.7 59.3 21.5 1.14 2.061 4 30
338 68.4 84.7 1.15 7.146 4 30
369.3 293.5 132.2 1.15 10.882 4 30
335.5 348.8 21.4 1.15 2.007 4 30
340.4 128 83.1 1.17 1.974 4 30
157.1 14.2 84.9 1.18 6.533 4 30
225.4 470 48.9 1.19 3.975 4 30
134.1 40.7 48.6 1.2 3.703 4 30
257.8 510.7 120 1.23 0.198 4 30
340.2 98.1 120.2 1.24 9.202 4 30
328.6 349.3 31.1 1.25 1.76 4 30
338.5 60.5 64.5 1.26 6.577 4 30
216.9 469.9 40.5 1.27 7.07 4 30
220.8 98.1 84.2 1.27 19.232 4 30
250.4 443 119.2 1.31 0.031 4 30
340.2 98.1 132.2 1.32 7.259 4 30
340.4 128 95.1 1.32 3.359 4 30
340.2 98.1 84.2 1.34 2.793 4 30
220.9 473.2 134.9 1.35 0.667 4 30
273 428 99.8 1.35 0.098 4 30
288.3 59 12.9 1.35 2.751 4 30
209.4 120 90.9 1.36 11.567 4 30
203.8 473.3 118.1 1.38 6.014 4 30
196.2 115.9 115.2 1.41 15.696 4 30
244 83.8 39.1 1.42 2.386 4 30
261.2 45.7 72 1.43 18.323 4 30
367.8 162.2 16.7 1.44 12.521 4 30
250.2 292.9 132 1.44 5.018 4 30
261.2 65.7 13.2 1.44 3.8 4 30
220.8 98.1 96.2 1.47 11.709 4 30
197.5 97.9 107.4 1.49 3.96 4 30
187.8 116.1 106.7 1.5 3.155 4 30
249.7 77.8 30.4 1.5 3.981 4 30
221.5 469.2 128.1 1.53 1.322 4 30
217.8 467.3 104.5 1.54 2.55 4 30
190.4 113 120 1.54 3.95 4 30
261.2 45.7 60 1.6 15.694 4 30
190.4 113 108 1.6 4.469 4 30
220.4 458 120 1.7 0.528 4 30
280.4 428 119 1.77 4.625 4 30
216 466.4 92.7 1.78 7.675 4 30
370.4 233 132 1.94 21.45 4 30
220.8 98.1 108.2 2.01 6.85 4 30
261.2 45.7 120 2.49 40.481 4 30
370.4 233 120 3.18 69.854 4 30
261.2 45.7 132 3.65 28.673 4 30
147.5 593.3 64 0.16 0 20 10
172.7 575.6 126 0.21 0.029 20 10
100 548 132 0.24 0 20 10
75.4 532.2 108 0.25 0 20 10
148.1 584 40.9 0.28 0.047 20 10
70.7 37.8 131.9 0.28 0 20 10
115.4 587.1 131.2 0.3 0.399 20 10
189.7 262.8 36 0.3 0.026 20 10
190.6 593 60 0.31 0.134 20 10
124.3 593.6 36.5 0.32 0.035 20 10
108.8 593.7 18.2 0.32 0.045 20 10
205.5 594.1 57.7 0.33 0.017 20 10
65.9 55.5 133 0.33 0 20 10
187.1 532.6 69.1 0.34 0.19 20 10
193 528.6 84 0.34 1.028 20 10
172.6 567.8 135.1 0.34 0.528 20 10
219.5 560 120 0.34 0.252 20 10
132 593.5 45.7 0.34 0.815 20 10
280.4 248 115.7 0.35 0.182 20 10
125 530.9 92.6 0.35 0.322 20 10
90 111.2 6.2 0.36 0.049 20 10
172.7 583.3 116.8 0.36 0.114 20 10
108 530.6 75.6 0.36 0.132 20 10
75.4 532.2 120 0.36 0.026 20 10
214.1 593.1 35.3 0.37 0.337 20 10
102.3 38 12 0.37 0.011 20 10
102.3 38.2 12 0.37 0.084 20 10
250.7 593.4 132 0.37 0 20 10
130.4 563 119.8 0.37 0.25 20 10
220.2 218.4 48.3 0.38 0.085 20 10
70.7 37.8 95.9 0.38 0.102 20 10
70.4 23 120 0.38 0.02 20 10
155.3 593.3 73.1 0.38 0.009 20 10
64.7 535.4 114.1 0.39 0 20 10
75.4 532.2 72 0.39 0.018 20 10
116.5 593.6 27.4 0.4 0.214 20 10
101.3 35.7 54.3 0.4 0.028 20 10
91.1 21.6 45.3 0.4 0.381 20 10
306.6 356.8 96 0.41 0.038 20 10
129.7 26.4 132 0.41 0.173 20 10
136.6 442.7 132 0.41 0.128 20 10
90.3 531.9 12.6 0.41 0.109 20 10
92.9 533.2 96.5 0.41 0.3 20 10
101.3 35.7 60.8 0.42 0.076 20 10
100 548 120 0.42 0.166 20 10
250.2 263.2 48 0.42 0 20 10
189.9 29.5 133.4 0.42 0.301 20 10
73.1 535.3 122.6 0.42 0.031 20 10
158.1 30 101.6 0.42 0.039 20 10
101.3 35.7 84.8 0.42 0.052 20 10
144 231.8 28.1 0.43 0 20 10
127.9 532.3 9.5 0.43 0.49 20 10
189.7 262.8 12 0.43 0.034 20 10
75.4 532.2 84 0.43 0.004 20 10
70.4 83 60 0.43 0.661 20 10
94.9 592.1 108.8 0.44 0.479 20 10
162.6 230.3 72.5 0.44 0.058 20 10
153.3 532.4 35.1 0.44 0.699 20 10
280.4 248 123.7 0.44 0.68 20 10
100.4 308 72.1 0.44 0 20 10
193 528.6 96 0.44 1.983 20 10
170.8 593.1 91.4 0.45 0.049 20 10
154.8 230.2 64.7 0.45 0.028 20 10
220.2 218.4 12.3 0.45 4.054 20 10
102.3 38 60 0.45 0.147 20 10
102.3 38.2 60 0.45 0.086 20 10
306.6 356.8 108 0.45 0.222 20 10
238.7 175.7 84 0.45 0.057 20 10
190.6 593 72 0.45 0.017 20 10
70.4 23 96 0.45 0.059 20 10
172.8 591.1 107.7 0.46 0.046 20 10
254.4 168.1 14.8 0.46 0.072 20 10
201.1 594.5 68.9 0.46 0.053 20 10
162.5 293.4 62.4 0.46 0.286 20 10
220.3 158.2 48.2 0.46 2.038 20 10
167 218 36 0.46 0.04 20 10
190.6 593 132 0.46 1.252 20 10
70.4 83 36 0.46 0.026 20 10
56.2 535.5 105.5 0.46 0.04 20 10
221.2 232.6 18.4 0.47 0.341 20 10
152 583.7 29.6 0.47 0.021 20 10
103.5 592.2 117.1 0.47 0.618 20 10
190.6 593 36 0.47 0.168 20 10
86.3 592 100.4 0.48 0.174 20 10
100.4 218 72 0.48 1.632 20 10
306.6 356.8 132 0.48 0.06 20 10
250.7 593.4 84 0.48 0.021 20 10
75.4 532.2 132 0.48 0 20 10
70.7 37.8 71.9 0.48 0.044 20 10
70.4 83 48 0.48 0.063 20 10
99.5 530.5 67.1 0.49 0.072 20 10
116.5 530.7 84.1 0.49 2.011 20 10
129.7 233.5 16.5 0.49 0.017 20 10
123.6 586.3 108.6 0.49 0.034 20 10
81.5 535.2 131.2 0.49 0.014 20 10
155 338 24 0.49 0 20 10
238.7 175.7 132 0.49 0.159 20 10
129.9 263 36 0.49 0.019 20 10
129.9 263.4 36 0.49 0.03 20 10
120.8 592.4 133.8 0.49 0.473 20 10
51.8 591.6 67 0.5 1.219 20 20
93.2 533.4 108.5 0.5 0.859 20 20
148.1 231.5 16.8 0.5 0 20 20
92.2 532.8 72.6 0.5 0.327 20 20
220.3 158.1 132.5 0.5 0.268 20 20
157.3 523.2 95.8 0.5 1.209 20 20
160 368 12 0.5 0.03 20 20
100.4 368 11.9 0.5 0 20 20
100.2 97.6 48.1 0.5 0.37 20 20
250.7 593.4 72 0.5 0.014 20 20
84.2 235.8 84.5 0.5 0.475 20 20
57.2 55.6 124.6 0.5 0.35 20 20
174.9 597 135.9 0.5 0.965 20 20
159.2 368 12.2 0.51 0.106 20 20
155 338 60 0.51 0.093 20 20
155.5 278.9 12 0.51 0.053 20 20
100 188 24 0.51 0.061 20 20
190.6 593 120 0.51 2.491 20 20
130.4 203 95.6 0.51 0.714 20 20
161.7 532.5 43.6 0.52 0.104 20 20
202.6 232.3 49.6 0.52 0.296 20 20
167 218 72 0.52 0.164 20 20
105.7 68 12 0.52 0.217 20 20
102.3 38 48 0.52 0.207 20 20
102.3 38.2 48 0.52 0.224 20 20
252.2 232.2 96 0.52 3.074 20 20
130.4 563 131.8 0.52 0.978 20 20
144.8 532.4 26.5 0.52 0.413 20 20
101 593.8 9.1 0.52 0.787 20 20
189.9 29.5 85.4 0.53 0.342 20 20
242.7 234.3 56.9 0.53 0.058 20 20
100 548 108 0.53 0.013 20 20
250.7 593.4 120 0.53 0.051 20 20
70.5 52.8 120 0.53 0.243 20 20
69.1 591.8 83.7 0.54 0.36 20 20
258.8 168.3 26 0.54 0.282 20 20
77 232.1 75.7 0.54 0.137 20 20
163.1 593.2 82.3 0.54 0.189 20 20
220.3 158.2 36.2 0.54 0.511 20 20
275.3 338.3 96 0.54 1.488 20 20
274 189 132 0.54 0.229 20 20
160.4 278 59.6 0.54 0.114 20 20
306.6 356.8 84 0.54 0.109 20 20
190.6 143.6 24 0.54 0.316 20 20
119.5 586.7 119.9 0.55 0.17 20 20
172.8 598.9 98.6 0.55 0.04 20 20
133.5 531 101 0.55 1.319 20 20
78.1 231.9 61.6 0.55 0.255 20 20
154.6 293.4 54.7 0.55 0.081 20 20
220.4 158 132 0.55 0.39 20 20
100 518 120 0.55 0.155 20 20
100.4 218 96 0.55 0.253 20 20
190.4 503 83.8 0.55 2.973 20 20
141 233.3 37.7 0.56 0.027 20 20
157.3 523.2 131.8 0.56 1.456 20 20
131.4 533.7 102.5 0.56 7.896 20 20
178.6 593 100.6 0.56 0.286 20 20
131.4 533.7 109 0.57 1.164 20 20
159.9 232.8 84.7 0.57 0.103 20 20
155 338 12 0.57 0.508 20 20
99.8 431.2 72 0.57 0.278 20 20
43.2 591.6 58.7 0.58 0.812 20 20
238.7 175.7 12 0.58 0.319 20 20
129.9 263 24 0.58 0.021 20 20
129.9 263 72 0.58 3.119 20 20
129.9 263.4 24 0.58 0 20 20
129.9 263.4 72 0.58 4.156 20 20
70.4 503 132 0.58 0.13 20 20
315.7 233.8 130.3 0.58 4.604 20 20
264.9 234.1 79.2 0.58 1.615 20 20
273.4 234.1 87.8 0.59 0.983 20 20
103.5 44.7 132 0.59 0.068 20 20
310.7 173.4 132 0.59 3.698 20 20
250.7 593.4 108 0.59 0.009 20 20
190.5 563 132 0.59 2.361 20 20
130 323 24 0.59 0.015 20 20
170.2 532.5 52.1 0.59 3.068 20 20
101.3 35.7 72.8 0.59 0.018 20 20
92.5 533.1 84.5 0.59 0.373 20 20
193 528.6 108 0.59 8.072 20 20
326.7 52.9 96.9 0.6 4.361 20 20
370.4 172.9 72.3 0.6 10.626 20 20
275.3 338.3 108 0.6 0.511 20 20
160 188 12 0.6 0.062 20 20
100 308 12 0.6 0.08 20 20
310.6 293.4 132 0.6 5.38 20 20
190.6 143.6 36 0.6 2.443 20 20
130.4 233 11 0.6 0.029 20 20
130 23 120 0.6 0.797 20 20
172.4 232.3 50.9 0.61 0.254 20 20
127.5 232.6 73.1 0.61 1.812 20 20
312.8 53 14 0.61 3.142 20 20
275.3 338.3 24 0.61 0.635 20 20
280.4 248 135.7 0.61 0.109 20 20
221 112.4 36.9 0.61 1.043 20 20
167 218 48 0.61 0.061 20 20
100 518 108 0.61 0.171 20 20
238.7 175.7 96 0.61 0.029 20 20
190.6 593 48 0.61 0.453 20 20
190.5 563 120 0.61 1.187 20 20
75.4 532.2 96 0.61 0.026 20 20
70.5 52.8 132 0.61 0.045 20 20
93.5 533.5 120.5 0.61 0.222 20 20
60.5 591.7 75.4 0.61 1.189 20 20
211.3 230.9 41.5 0.61 1.143 20 20
113.2 2.2 96.6 0.62 0.192 20 20
121.7 273 58.3 0.62 0.798 20 20
275.3 338.3 48 0.62 1.129 20 20
246.4 111.3 11.4 0.62 1.038 20 20
311.1 233.1 132 0.62 6.356 20 20
251.2 324.1 24 0.62 0.12 20 20
102.5 408.4 116.5 0.62 0.007 20 20
328.6 52.9 108.7 0.62 8.789 20 20
80.2 117.2 88.7 0.62 0.286 20 20
160.4 308 11.3 0.62 0.142 20 20
130.4 233 23 0.63 0 20 20
160.4 308 23.3 0.63 0.709 20 20
298.7 233.9 113.3 0.63 2.687 20 20
220.4 368 108 0.63 0.126 20 20
167 218 24 0.63 0.117 20 20
310.6 293.4 120 0.63 3.549 20 20
250.1 353 108 0.63 0.369 20 20
250.2 263.2 36 0.63 0.129 20 20
130 323 60 0.63 1.15 20 20
179.2 596.6 124.7 0.63 0.464 20 20
86.6 231.9 70.1 0.63 1.246 20 20
345.3 157.8 119.3 0.64 2.794 20 20
280.6 151.9 129.1 0.64 1.662 20 20
135.4 233.4 27.1 0.64 0.019 20 20
220.4 338 23.1 0.64 0.117 20 20
160.4 278 132 0.64 0.338 20 20
100.4 6.9 132 0.64 0.025 20 20
190.4 353 83.1 0.64 2.594 20 20
121.1 113.6 51.4 0.64 1.294 20 20
212.2 352.5 124.7 0.65 0.548 20 20
345.3 157.8 131.3 0.65 2.306 20 20
61.2 23.2 97.2 0.65 0.112 20 20
123.3 232.9 84.4 0.65 0.381 20 20
250.2 263.2 96 0.65 0.088 20 20
190.4 263 64.6 0.65 0.091 20 20
155.9 583.3 18.3 0.65 1.007 20 20
228 128 85.1 0.66 0.958 20 20
130.4 233 71 0.66 0.853 20 20
160.4 308 35.3 0.66 0.015 20 20
287.4 152.1 119.2 0.66 3.321 20 20
164.1 232.6 73.4 0.66 0.57 20 20
307.2 233.8 121.8 0.66 8.426 20 20
159.2 368 24.2 0.66 0.001 20 20
159.3 35.9 96 0.66 0.137 20 20
100 188 12 0.66 0.201 20 20
250.2 292.9 96 0.66 0.349 20 20
238.7 175.7 120 0.66 0.041 20 20
128.7 117.2 47 0.66 0.206 20 20
195.3 352.5 107.8 0.66 0.867 20 20
160.4 278 131.1 0.67 0.134 20 20
131.4 533.7 121 0.67 2.534 20 20
219.5 560 132 0.67 7.324 20 20
220.7 127.6 72.3 0.67 3.636 20 20
157.3 523.2 119.8 0.67 3.11 20 20
160 188 24 0.67 0.079 20 20
100.3 8.3 96.4 0.67 0.216 20 20
246 264.8 126 0.67 0.158 20 20
189.7 262.8 72 0.67 0.258 20 20
220.4 338 11.1 0.67 0.42 20 20
160.4 38 107.4 0.67 5.131 20 20
201.9 592.8 128.1 0.68 0.723 20 20
160.4 308 71.3 0.68 0.168 20 20
155.5 278.9 60 0.68 0.159 20 20
160 188 72 0.68 5.356 20 20
159.3 38 96 0.68 0.52 20 20
159.3 38 108 0.68 2.704 20 20
159.3 35.9 108 0.68 1.607 20 20
100 308 72 0.68 0.266 20 20
100.8 82.9 71.8 0.68 0.465 20 20
102.3 38 84 0.68 0.35 20 20
102.3 38.2 84 0.68 0.227 20 20
250.1 353 120 0.68 0.089 20 20
190.4 203 72 0.68 0.862 20 20
190.4 203 84 0.68 3.402 20 20
139.3 2.5 29.5 0.68 0.06 20 20
212.5 112.6 45.4 0.69 0.827 20 20
91.5 532.4 48.6 0.69 0.114 20 20
228 128 73.1 0.69 4.957 20 20
67.7 472.4 64.6 0.69 0.067 20 20
246 264.8 133 0.69 0.398 20 20
273.3 308.7 96 0.69 0.553 20 20
220.7 127.6 132.3 0.69 2.995 20 20
160.5 82.9 60.2 0.69 1.289 20 20
100 158 72 0.69 0.167 20 20
190.5 563 108 0.69 2.323 20 20
190.4 353 120 0.69 1.072 20 20
190.4 233 48 0.69 0.307 20 20
237.8 111.7 19.8 0.69 0.355 20 20
220.4 368 132 0.7 0.211 20 20
220 308 20 0.7 1.75 20 20
160.5 398 83.5 0.7 1.507 20 20
160.4 203 84 0.7 5.411 20 20
310.7 173.4 72 0.7 1.038 20 20
190.4 233 120 0.7 2.288 20 20
160.4 278 71.1 0.7 0.195 20 20
220 248 27 0.71 0.614 20 20
218.3 188.2 11 0.71 4.784 20 20
190.4 263 71.1 0.71 0.25 20 20
121.7 273 70.3 0.71 0.963 20 20
280.6 368.2 108.1 0.71 0.015 20 20
205.7 97.9 60.3 0.71 0.957 20 20
102.3 38 108 0.71 0.39 20 20
102.3 38.2 108 0.71 0.592 20 20
190.4 503 95.8 0.71 4.523 20 20
70.7 37.8 83.9 0.71 0.817 20 20
70.5 563 133 0.71 0.049 20 20
215.9 232.8 29.2 0.71 1.693 20 20
229.4 112 28.4 0.72 0.48 20 20
279.5 278.3 132 0.72 0.369 20 20
280.4 218 131.7 0.72 2.852 20 20
220.7 127.6 84.3 0.72 0.491 20 20
160.5 218 72 0.72 0.613 20 20
100.4 308 108.1 0.72 0.034 20 20
100 308 60 0.72 0.232 20 20
250.2 292.9 108 0.72 0.312 20 20
250.4 113 132 0.72 0.857 20 20
70.4 23 108 0.72 0.341 20 20
189.9 29.5 97.4 0.72 2.988 20 20
189.9 29.5 109.4 0.72 0.376 20 20
345.3 157.8 83.3 0.73 1.473 20 20
185.6 353.2 38.4 0.73 0.171 20 20
90.7 532.1 24.6 0.73 0.751 20 20
160.4 203 72 0.73 1.258 20 20
100.4 458 132 0.73 0.178 20 20
310.7 173.4 84 0.73 0.702 20 20
250.2 292.9 39 0.73 0.051 20 20
252.2 232.2 84 0.73 2.605 20 20
70.4 503 108 0.73 0.622 20 20
131.6 232.4 61.9 0.74 1.946 20 20
213.5 231.1 123.4 0.74 1.377 20 20
111.4 406.2 72.2 0.74 0.131 20 20
188.1 230.7 98 0.74 0.375 20 20
220 308 104 0.74 1.124 20 20
160 368 24 0.74 0.418 20 20
160 368 60 0.74 0.14 20 20
155.5 278.9 48 0.74 0.236 20 20
100.4 218 84 0.74 2.205 20 20
130.2 262.5 60.1 0.74 0.498 20 20
308 152.4 89.7 0.74 9.105 20 20
94 408.2 108 0.74 0.387 20 20
321.7 152.7 70 0.75 1.466 20 20
91.4 239.6 93.4 0.75 0.188 20 20
130.4 233 35 0.75 0.025 20 20
133.5 353.4 16.8 0.75 0.062 20 20
222 231.3 131.9 0.75 0.493 20 20
190.5 292.8 36.1 0.75 0.315 20 20
248 234.3 62.2 0.75 0.041 20 20
160.4 503 132.1 0.75 2.061 20 20
155 338 36 0.75 0 20 20
155.5 278.9 36 0.75 0.07 20 20
160.5 82.9 84.2 0.75 5.823 20 20
100.3 253.2 72.3 0.75 1.99 20 20
100.3 253.2 84.3 0.75 3.001 20 20
251.2 324.1 36 0.75 1.564 20 20
130.4 442.9 48.1 0.75 0.614 20 20
134.1 40.7 72.6 0.75 2.058 20 20
70.4 233 72.5 0.75 0.397 20 20
112.1 592.3 125.5 0.76 2.596 20 20
67.2 22.7 86.9 0.76 3.096 20 20
177.2 353.2 60.9 0.76 0.318 20 20
238.2 230.2 17.6 0.76 0.058 20 20
275.3 338.3 36 0.76 12.628 20 20
100.2 128.1 72.2 0.76 0.085 20 20
250.2 263.2 84 0.76 0.356 20 20
130.2 262.5 72.1 0.76 4.407 20 20
70.7 37.8 107.9 0.76 0.226 20 20
92.3 113.6 37.2 0.76 0.436 20 20
103.6 231.9 87.1 0.77 0.746 20 20
79.1 22.1 66.1 0.77 0.529 20 20
189.9 29.5 73.4 0.77 0.297 20 20
209.8 593.6 46.5 0.77 1.642 20 20
205.7 233 50.9 0.77 7.049 20 20
59.1 472.4 56.2 0.77 0.149 20 20
86.6 408.1 100.6 0.77 0.418 20 20
155.5 278.9 24 0.77 0 20 20
100.4 308 132.1 0.77 0.013 20 20
100.4 293 23.9 0.77 0.068 20 20
100.3 253.2 60.3 0.77 1.542 20 20
100 188 36 0.77 0.506 20 20
129.9 263 84 0.77 0.547 20 20
129.9 263.4 84 0.77 1.504 20 20
130.4 293.1 71.8 0.77 0.17 20 20
134.1 40.7 84.6 0.77 0.24 20 20
70.4 23 132 0.77 0.048 20 20
160.4 308 59.3 0.77 1.416 20 20
220.7 352.5 133.2 0.77 0.136 20 20
70.5 563 121 0.77 0.664 20 20
77.7 591.9 92.1 0.77 0.12 20 20
131.4 533.7 133 0.77 2.982 20 20
228 128 13.1 0.78 6.425 20 20
194.1 592.9 118.9 0.78 0.796 20 20
88.4 289.9 81.2 0.78 0.995 20 20
330.5 52.9 120.6 0.78 8.277 20 20
273.3 308.7 12 0.78 1.13 20 20
220.4 278 72 0.78 0.519 20 20
220 248 15 0.78 3.481 20 20
157.3 523.2 107.8 0.78 0.738 20 20
160 188 36 0.78 0.511 20 20
311.1 233.1 84 0.78 4.99 20 20
250.4 113 96 0.78 0.386 20 20
256 259.3 80.5 0.78 0.761 20 20
70.5 563 114.5 0.78 0.022 20 20
183.6 596.2 113.6 0.78 0.553 20 20
121.7 273 10.3 0.78 0.192 20 20
64.8 472.7 64.5 0.79 0.323 20 20
273.4 368.4 108 0.79 0.103 20 20
220.3 158.1 84.5 0.79 2.233 20 20
228 128 97.1 0.79 0.981 20 20
190.4 323 120 0.79 1.938 20 20
189.7 262.8 48 0.79 2.235 20 20
190.4 233 72 0.79 0.053 20 20
130.4 563 95.8 0.79 1.15 20 20
130.5 323 96 0.79 1.196 20 20
70.7 37.8 119.9 0.79 0.706 20 20
188 595.8 102.4 0.79 1.07 20 20
324.9 52.9 85 0.79 3.253 20 20
150.2 292.9 14.7 0.79 0.082 20 20
99.8 431.2 119.5 0.8 0.919 20 20
314.8 152.6 79.8 0.8 3.272 20 20
111 408.7 125 0.8 0.14 20 20
101.3 35.7 96.8 0.8 2.847 20 20
79.9 289.8 72.7 0.8 0.659 20 20
95.1 231.9 78.6 0.8 0.509 20 20
171.1 230.5 81 0.8 0.509 20 20
129.6 174.2 14.3 0.8 0.451 20 20
322.9 52.9 73.2 0.8 11.572 20 20
108.9 406 79.5 0.8 0.02 20 20
160.4 203 60 0.8 2.586 20 20
190.4 353 59.6 0.8 1.094 20 20
130.4 442.9 60.1 0.8 3.117 20 20
130.2 262.5 84.1 0.8 1.394 20 20
121.7 273 46.3 0.8 0.389 20 20
69.7 228.4 66.9 0.8 0.423 20 20
256 259.3 89.5 0.81 1.376 20 20
167.5 531.6 135 0.81 1.665 20 20
277.3 308.5 129.8 0.81 1.493 20 20
195.6 112.8 62.4 0.81 2.438 20 20
76.7 381.6 14.1 0.81 0.165 20 20
280.5 337.5 95.5 0.81 1.797 20 20
273.3 308.7 24 0.81 2.144 20 20
219.5 219.3 72.9 0.81 8.583 20 20
160 188 60 0.81 1.658 20 20
100.8 82.9 95.8 0.81 2.485 20 20
250.2 292.9 84 0.81 1.723 20 20
238.7 175.7 48 0.81 0.459 20 20
190.4 233 60 0.81 0.709 20 20
190.6 143.6 48 0.81 5.697 20 20
190.6 143.6 72 0.81 0.548 20 20
101 113.2 72.1 0.81 1.273 20 20
99.3 158.5 70.3 0.81 0.095 20 20
91.1 532.2 36.6 0.81 0.548 20 20
139.9 232 39.3 0.81 0.036 20 20
203.7 352.5 116.3 0.81 2.129 20 20
73.1 22.3 76.5 0.81 0.169 20 20
345.3 157.8 95.3 0.82 0.663 20 20
179.6 230.6 89.5 0.82 0.122 20 20
220.2 230.3 33.5 0.82 0.276 20 20
220.7 127.6 60.3 0.82 4.398 20 20
205.7 97.9 36.3 0.82 6.974 20 20
100.4 203 72 0.82 0.306 20 20
310.6 293.4 96 0.82 1.194 20 20
310.7 173.4 96 0.82 4.615 20 20
250.2 263.2 72 0.82 0.071 20 20
129.9 263 60 0.82 7.386 20 20
129.9 263.4 60 0.82 5.102 20 20
70.4 503 120 0.82 0.322 20 20
70.4 83 72 0.82 1.755 20 20
121.7 413.5 56.1 0.82 0.287 20 20
91 530.3 58.7 0.82 1.068 20 20
130.4 233 47 0.82 0.025 20 20
193 528.6 120 0.83 2.78 20 20
277.3 308.5 105.8 0.83 0.969 20 20
220.4 278 48 0.83 0.093 20 20
160.4 368 59.5 0.83 0.273 20 20
100 308 24 0.83 0.19 20 20
100.3 8.3 84.4 0.83 0.5 20 20
310.6 293.4 108 0.83 9.357 20 20
250.2 292.9 72 0.83 0.342 20 20
190.4 503 119.8 0.83 4.085 20 20
129.7 26.4 108 0.83 2.912 20 20
220 248 75 0.84 3.762 20 20
345.3 157.8 107.3 0.84 3.421 20 20
142 531.2 109.5 0.84 3.485 20 20
220.3 158.2 24.2 0.84 1.893 20 20
280.4 218 119.7 0.84 4.935 20 20
155.5 278.9 72 0.84 0.217 20 20
167 218 12 0.84 1.084 20 20
99.8 397 84.3 0.84 0.594 20 20
311.1 233.1 48 0.84 0.761 20 20
250.1 353 132 0.84 0.235 20 20
250.7 593.4 96 0.84 0.075 20 20
70.4 293 84 0.84 1.194 20 20
133.2 51.9 100.3 0.84 2.388 20 20
220.4 338 35.1 0.84 0.706 20 20
218.3 188.2 47 0.85 1.235 20 20
121.7 273 22.3 0.85 0.028 20 20
220.3 158.2 60.2 0.85 1.962 20 20
281.8 234 96.3 0.85 18.273 20 20
160.4 338 96 0.85 1.013 20 20
160 188 84 0.85 13.03 20 20
189.7 262.8 24 0.85 0.206 20 20
190.4 233 108 0.85 0.449 20 20
190.4 233 24 0.85 1.091 20 20
130.5 323 108 0.85 0.37 20 20
130.4 442.9 36.1 0.85 2.198 20 20
130.4 353 107.6 0.85 1.11 20 20
273.3 297.4 15.7 0.85 3.005 20 20
136.4 532.4 18 0.85 2.274 20 20
220.4 338 107.1 0.85 3.567 20 20
190.4 353 107.1 0.85 1.89 20 20
95 117.9 12.9 0.86 0.369 20 20
250.5 203.1 96.8 0.86 0.849 20 20
190.4 353 71.1 0.86 5.287 20 20
178.3 352.4 90.8 0.86 0.45 20 20
196.5 230.9 106.4 0.86 0.45 20 20
267.7 168.6 48.3 0.86 0.366 20 20
280.5 337.5 119.5 0.86 1.198 20 20
273.3 308.7 60 0.86 0.332 20 20
273.3 308.7 108 0.86 0.503 20 20
220.4 278 36 0.86 0.23 20 20
160.4 248 59.3 0.86 2.317 20 20
167 218 84 0.86 1.236 20 20
100.3 253.2 96.3 0.86 0.221 20 20
251.2 324.1 132 0.86 1.567 20 20
82.9 530.2 50.5 0.87 0.65 20 20
67.5 347.3 9.5 0.87 0.449 20 20
85.9 111.4 17.5 0.87 2.064 20 20
121.7 273 34.3 0.87 0.024 20 20
161.3 352.4 73.8 0.87 0.237 20 20
95.2 113.5 48.9 0.87 0.207 20 20
310.7 173.4 108 0.87 4.947 20 20
250.1 353 60 0.87 1.092 20 20
190.4 353 108 0.87 3.519 20 20
190.6 143.6 120 0.87 1.862 20 20
190.3 383.1 95.6 0.87 0.312 20 20
91.8 532.6 60.6 0.87 1.186 20 20
170.9 116.4 89.6 0.87 3.101 20 20
218.3 188.2 23 0.87 7.64 20 20
144.3 352.4 56.9 0.88 0.115 20 20
263.3 168.4 37.1 0.88 2.556 20 20
277.3 308.5 94.8 0.88 0.984 20 20
219.5 219.3 96.9 0.88 3.998 20 20
220.4 128.1 132 0.88 10.717 20 20
218.7 78.2 132 0.88 0.169 20 20
159.2 368 48.2 0.88 0.136 20 20
311.1 233.1 108 0.88 17.117 20 20
311.1 233.1 120 0.88 14.673 20 20
370.4 233 72 0.88 29.967 20 20
252.2 232.2 72 0.88 0.133 20 20
238.7 175.7 72 0.88 1.1 20 20
256.9 150.8 131.7 0.88 0.494 20 20
218.3 188.2 71 0.88 6.145 20 20
290.3 234 104.8 0.88 4.25 20 20
190.5 292.8 24.1 0.89 0.344 20 20
160.5 82.9 48.2 0.89 0.122 20 20
100.4 218 132 0.89 0.068 20 20
100.4 203 60 0.89 0.495 20 20
105.7 68 36 0.89 2.07 20 20
70.4 83 120 0.89 0.128 20 20
101.3 35.7 108.8 0.89 4.003 20 20
180.7 231.9 28.4 0.89 0.218 20 20
152.8 352.4 65.3 0.9 0.115 20 20
120.3 117.4 38.4 0.9 1.635 20 20
171.1 293.3 70.7 0.9 1.657 20 20
127.1 51.9 94.3 0.9 0.364 20 20
256.5 234.2 70.7 0.9 0.091 20 20
220.4 368 96 0.9 3.744 20 20
220.3 158.1 60.5 0.9 3.24 20 20
220.3 158.1 72.5 0.9 4.03 20 20
220.8 98.1 132.2 0.9 0.588 20 20
160 188 48 0.9 0.919 20 20
252.2 232.2 108 0.9 1.468 20 20
70.4 293 72 0.9 0.951 20 20
186.3 593 109.7 0.9 3.173 20 20
210.8 233 40.1 0.9 4.688 20 20
130.4 233 83 0.9 6.205 20 20
328.5 152.8 60.1 0.91 0.642 20 20
200.6 233.1 61.8 0.91 2.214 20 20
168.2 232.5 62.2 0.91 1.963 20 20
220.2 218.4 36.3 0.91 3.285 20 20
231.3 293.2 129.3 0.91 4.259 20 20
280.5 158 131.5 0.91 11.051 20 20
220.4 248 94.5 0.91 0.784 20 20
220.9 218.1 120 0.91 3.616 20 20
100.4 293 59.9 0.91 0.184 20 20
100.4 293 131.9 0.91 0.004 20 20
310.4 263 132 0.91 6.665 20 20
311.1 233.1 72 0.91 3.55 20 20
250.1 353 72 0.91 0.468 20 20
252.2 232.2 60 0.91 0.364 20 20
190.4 263 131.1 0.91 0.67 20 20
190.4 173 48 0.91 1.572 20 20
191 323.3 119.7 0.91 2.467 20 20
130.4 442.9 12.1 0.91 1.428 20 20
79.5 112.7 72 0.91 1.367 20 20
155.9 413.6 89.8 0.91 0.692 20 20
99.8 431.2 95.5 0.92 1.614 20 20
188.7 468.9 84.3 0.92 5.887 20 20
218.3 188.2 35 0.92 30.858 20 20
294.3 152.2 109.4 0.92 6.751 20 20
301.1 152.3 99.5 0.92 4.92 20 20
117 353.3 48.4 0.92 0.216 20 20
220.1 397.8 48 0.92 1.423 20 20
191.7 353.3 60.4 0.92 3.803 20 20
273.3 308.7 36 0.92 1.76 20 20
220 308 68 0.92 1.66 20 20
219.9 188.4 84.8 0.92 4.462 20 20
155.5 278.9 84 0.92 0.109 20 20
167 218 60 0.92 1.386 20 20
190.4 293 104 0.92 1.843 20 20
129.7 26.4 120 0.92 3.712 20 20
82.7 293 76.3 0.92 1.304 20 20
231.5 353.1 19.9 0.92 0.273 20 20
213.1 115.6 132.3 0.93 4.893 20 20
101.3 35.7 120.8 0.93 1.44 20 20
194 353.1 15.9 0.93 2.358 20 20
150.5 531.3 118 0.93 1.358 20 20
100 308 84 0.93 5.807 20 20
190.4 383 108 0.93 0.621 20 20
130.4 442.9 72.1 0.93 6.618 20 20
75.4 532.2 60 0.93 1.379 20 20
250.5 203.1 108.8 0.93 1.49 20 20
67.4 377.2 56.9 0.93 0.332 20 20
238.8 353.3 10.3 0.94 0.344 20 20
196.6 110.9 17.2 0.94 3.882 20 20
280.4 98 132.2 0.94 6.584 20 20
220.4 278 24 0.94 1.931 20 20
219.5 219.3 48.9 0.94 3.345 20 20
102.3 38 72 0.94 0.217 20 20
102.3 38.2 72 0.94 0.168 20 20
190.3 412.6 132 0.94 0.616 20 20
190.4 113 60 0.94 0.602 20 20
68.9 472.5 53.2 0.94 0.346 20 20
131.4 408 15.7 0.94 0.894 20 20
220.4 398 131.2 0.95 0.32 20 20
130.4 233 59 0.95 0.257 20 20
272.7 352.7 109.2 0.95 5.391 20 20
75 380.8 21.9 0.95 1.021 20 20
72.9 472.2 41.9 0.95 0.627 20 20
155 338 48 0.95 0.047 20 20
102.3 38 96 0.95 1.589 20 20
102.3 38.2 96 0.95 0.4 20 20
306.6 356.8 72 0.95 0.726 20 20
238.7 175.7 60 0.95 0.88 20 20
130.4 233 132 0.95 0.053 20 20
130.4 203 107.6 0.95 2.103 20 20
186.8 352.5 99.3 0.95 0.551 20 20
164.4 413.6 98.2 0.95 0.662 20 20
220.4 338 131.1 0.95 0.165 20 20
76.2 472.5 73.1 0.95 0.15 20 20
99.8 431.2 107.5 0.95 0.436 20 20
220.4 338 59.1 0.96 7.762 20 20
220 308 44 0.96 0.411 20 20
160 158 72 0.96 1.486 20 20
160 98 14 0.96 0.157 20 20
100.3 458 108.1 0.96 0.122 20 20
100.4 308 84.1 0.96 1.147 20 20
100.4 218 60 0.96 0.28 20 20
100 188 48 0.96 0.74 20 20
250.1 353 96 0.96 1.742 20 20
238.7 175.7 108 0.96 0.19 20 20
190.6 143.6 108 0.96 2.689 20 20
129.9 263 48 0.96 2.824 20 20
129.9 263.4 48 0.96 1.47 20 20
75.4 532.2 36 0.96 0.021 20 20
277.3 308.5 117.8 0.96 0.592 20 20
190.1 413.6 123.5 0.97 1.227 20 20
60.8 472.9 75.8 0.97 0.875 20 20
103.7 158.8 59.3 0.97 0.161 20 20
220.3 158.1 96.5 0.97 4.211 20 20
102.3 38 36 0.97 2.432 20 20
102.3 38.2 36 0.97 1.414 20 20
256.9 150.8 107.7 0.97 2.337 20 20
190.3 412.6 72 0.97 0.192 20 20
188.6 263.1 133 0.97 0.669 20 20
75.4 532.2 48 0.97 0.078 20 20
160.4 128 90.6 0.97 2.549 20 20
119.4 406.9 49.6 0.98 0.658 20 20
62.5 56.9 38.7 0.98 8.974 20 20
220.4 368 120 0.98 0.239 20 20
220.9 218.1 132 0.98 5.072 20 20
220.7 127.6 120.3 0.98 4.254 20 20
160.5 548 108 0.98 3.912 20 20
160 368 48 0.98 0.19 20 20
160.5 218 96 0.98 0.151 20 20
100.4 368 35.9 0.98 0.634 20 20
256 259.3 101.5 0.98 2.153 20 20
190.4 233 132 0.98 0.585 20 20
190.4 233 12 0.98 0.248 20 20
190.6 143.6 60 0.98 4.697 20 20
130.4 293.1 59.8 0.98 1.213 20 20
181.4 353.2 49.6 0.98 0.76 20 20
184.8 231.8 17.1 0.99 1.859 20 20
196.9 293.3 95.8 0.99 5.347 20 20
314.8 52.9 25.8 0.99 0.814 20 20
220.4 338 119.1 0.99 0.25 20 20
220 248 99 0.99 0.598 20 20
220.2 218.4 60.3 0.99 3.235 20 20
280.6 368.2 96.1 0.99 0.609 20 20
220.4 338 83.1 0.99 2.006 20 20
219.9 188.4 96.8 0.99 1.229 20 20
220.3 158.1 108.5 0.99 1.428 20 20
100.3 458 120.1 0.99 2.361 20 20
250.2 263.2 24 0.99 0.512 20 20
130.4 353 132 0.99 0.199 20 20
70.4 503 96 0.99 0.139 20 20
70.4 83 108 0.99 0.405 20 20
280.5 203 132 1 1.88 20 30
220 308 32 1 3.42 20 30
160.5 548 120 1 17.516 20 30
103.5 44.7 120 1 1.727 20 30
250.2 263.2 108 1 1.343 20 30
189.7 262.8 60 1 2.965 20 30
190.4 233 36 1 2.54 20 30
72.5 379.6 33.5 1 0.083 20 30
220.4 338 95.1 1 2.64 20 30
220 248 39 1 2.546 20 30
218.3 188.2 83 1 10.135 20 30
135.7 232.2 50.6 1.01 0.23 20 30
204 112.8 53.9 1.01 3.728 20 30
160 233 36 1.01 0.151 20 30
228 128 37.1 1.01 7.812 20 30
190.4 353 131.1 1.01 1.08 20 30
191.7 353.3 24.4 1.01 1.382 20 30
330.1 60.2 55.9 1.01 1.692 20 30
275.3 338.3 12 1.01 2.467 20 30
220.4 368 72 1.01 2.378 20 30
100.2 97.6 60.1 1.01 4.049 20 30
100.3 8.3 120.4 1.01 2.491 20 30
251.2 324.1 84 1.01 0.61 20 30
251.2 324.1 120 1.01 1.95 20 30
190.3 383.1 71.6 1.01 1.989 20 30
130.4 293.1 83.8 1.01 0.784 20 30
70.4 473 108.2 1.01 0.11 20 30
169.8 352.4 82.3 1.01 0.223 20 30
171.7 112.8 84.7 1.02 1.991 20 30
147.3 413.6 81.4 1.02 0.58 20 30
123.4 407.3 38.3 1.02 0.286 20 30
160.4 503 84.1 1.02 8.326 20 30
100.3 458 60.1 1.02 0.465 20 30
311.1 233.1 96 1.02 28.186 20 30
251.2 324.1 12 1.02 2.118 20 30
250.5 203.1 132.8 1.02 0.577 20 30
190.4 503 107.8 1.02 13.86 20 30
190.6 143.6 132 1.02 10.338 20 30
130.4 442.9 84.1 1.02 2.54 20 30
70.4 503 84 1.02 0.584 20 30
276.6 169 70.6 1.02 1.363 20 30
120 134.1 23.8 1.02 1.172 20 30
228 128 49.1 1.03 4.084 20 30
191.7 353.3 36.4 1.03 1.039 20 30
115.4 406.6 60.9 1.03 3.455 20 30
219.9 188.4 108.8 1.03 0.669 20 30
160.4 368 132 1.03 0.355 20 30
160.4 338 60 1.03 2.041 20 30
100.8 82.9 83.8 1.03 4.139 20 30
310.6 293.4 48 1.03 0.932 20 30
130.4 203 83.6 1.03 0.884 20 30
79.5 112.7 84 1.03 1.579 20 30
160.4 368 83 1.03 0.418 20 30
199 413 48 1.03 0.495 20 30
98.1 113.3 60.5 1.03 0.437 20 30
160.7 397.4 47.3 1.04 0.275 20 30
229.2 230.2 25.5 1.04 5.614 20 30
190.5 292.8 12.1 1.04 0.781 20 30
190.5 292.8 48.1 1.04 3.263 20 30
220.4 368 84 1.04 7.182 20 30
220 308 92 1.04 4.332 20 30
100.4 368 95.9 1.04 0.34 20 30
100 308 36 1.04 0.385 20 30
100.2 97.6 84.1 1.04 4.693 20 30
252.2 232.2 36 1.04 0.266 20 30
117 353.3 60.4 1.04 2.117 20 30
220.4 248 105 1.04 2.015 20 30
99.8 431.2 83.5 1.05 7.456 20 30
85.1 21.8 55.7 1.05 0.646 20 30
159 531.5 126.5 1.05 5.91 20 30
69.4 112.2 62.6 1.05 0.209 20 30
220.8 187.8 120 1.05 0.928 20 30
220.3 158.1 48.5 1.05 9.205 20 30
205.7 97.9 48.3 1.05 1.082 20 30
99.8 397 120.3 1.05 0.066 20 30
100.4 293 11.9 1.05 0.337 20 30
190.3 383.1 83.6 1.05 2.591 20 30
130.4 203 71.6 1.05 8.419 20 30
146.7 233.1 48.2 1.05 0.012 20 30
228 128 25.1 1.06 4.996 20 30
190.5 292.8 60.1 1.06 0.276 20 30
279.5 278.3 120 1.06 10.265 20 30
159.2 368 60.2 1.06 0.614 20 30
100.4 398 132 1.06 1.155 20 30
311.1 233.1 36 1.06 4.45 20 30
311.1 233.1 60 1.06 1.476 20 30
190.4 323 132 1.06 12.499 20 30
190.4 173 24 1.06 5.947 20 30
130.4 353 96 1.06 0.315 20 30
160.7 397.4 59.3 1.07 5.313 20 30
175.8 112.5 73.5 1.07 0.502 20 30
272.1 168.8 59.4 1.07 1.687 20 30
160.4 308 95.3 1.07 1.252 20 30
155.8 233 95.9 1.07 0.426 20 30
160.4 203 96 1.07 5.406 20 30
100.4 293 83.9 1.07 1.738 20 30
100.2 128.1 84.2 1.07 1.122 20 30
310.6 293.4 36 1.07 2.037 20 30
129.9 263 12 1.07 0.729 20 30
129.9 263.4 12 1.07 0.346 20 30
160.7 397.4 95.3 1.07 1.326 20 30
160.4 128 126.6 1.07 10.555 20 30
190.4 293 112 1.07 1.571 20 30
190.4 353 119.1 1.08 7.303 20 30
220.1 397.8 24 1.08 0.169 20 30
121.7 159.9 14.8 1.08 0.122 20 30
273.3 308.7 72 1.08 1.41 20 30
220.4 278 120 1.08 1.145 20 30
220.7 127.6 108.3 1.08 10.576 20 30
100.4 338 11.9 1.08 0.394 20 30
100 188 60 1.08 0.329 20 30
100.3 8.3 108.4 1.08 2.828 20 30
310.7 173.4 120 1.08 11.284 20 30
190.3 412.6 96 1.08 2.864 20 30
190.4 233 96 1.08 1.174 20 30
117 353.1 12.4 1.08 0.201 20 30
255.1 413.6 14.9 1.08 1.22 20 30
362 162.3 11.4 1.08 19.156 20 30
70 378.4 45.2 1.09 0.109 20 30
190.4 263 95.1 1.09 0.261 20 30
86.4 113.9 14 1.09 1.892 20 30
189.8 83.3 74 1.09 3.681 20 30
176.5 232.1 39.7 1.09 0.204 20 30
73.5 112 51.3 1.09 4.465 20 30
77.6 111.8 40 1.09 1.01 20 30
273.4 368.4 84 1.09 2.374 20 30
273.4 368.4 96 1.09 0.204 20 30
160.4 503 72.1 1.09 1.386 20 30
160.5 218 132 1.09 1.044 20 30
99.8 397 72.3 1.09 0.873 20 30
310.6 293.4 72 1.09 0.768 20 30
370.4 233 96 1.09 20.43 20 30
256 259.3 125.5 1.09 0.971 20 30
130.4 413 11.6 1.09 1.049 20 30
160.4 368 131 1.09 1.29 20 30
178.7 174.2 134.7 1.1 0.297 20 30
71.9 117.4 80.1 1.1 5.962 20 30
112.1 231.9 95.6 1.1 0.549 20 30
280.6 368.2 120.1 1.1 0.26 20 30
130.5 323 132 1.1 2.058 20 30
130.4 442.9 120.1 1.1 5.708 20 30
160.6 174.2 90.2 1.11 7.284 20 30
186.4 55.1 8.7 1.11 0.317 20 30
247.3 230.1 9.7 1.11 1.12 20 30
160 98 60 1.11 2.872 20 30
100 158 60 1.11 1.286 20 30
250.2 263.2 60 1.11 1.447 20 30
190.3 383.1 107.6 1.11 2.574 20 30
71.5 289.6 64.2 1.11 2.84 20 30
224.2 353 29.4 1.12 1.684 20 30
220.4 338 47.1 1.12 1.41 20 30
160.4 308 131.3 1.12 1.466 20 30
195.2 473.4 109.7 1.12 2.095 20 30
100 158 36 1.12 0.048 20 30
121.7 273 82.3 1.13 8.716 20 30
189.8 83.3 98 1.13 5.149 20 30
220.4 308 96 1.13 5.966 20 30
219.5 219.3 108.9 1.13 1.279 20 30
100.4 158 72.3 1.13 0.964 20 30
250.1 353 84 1.13 2.082 20 30
250.2 292.9 48 1.13 0.288 20 30
130.4 293.1 119.8 1.13 1.067 20 30
79.5 112.7 108 1.13 17.431 20 30
179.3 116.2 98.2 1.13 4.546 20 30
250.4 413 118.8 1.13 0.02 20 30
333.1 152.9 53.5 1.14 2.42 20 30
191.7 353.3 12.4 1.14 1.093 20 30
220.4 458 72 1.14 1.822 20 30
219.5 219.3 132.9 1.14 3.748 20 30
219.9 188.4 60.8 1.14 12.099 20 30
220.3 158.1 120.5 1.14 0.779 20 30
100 188 72 1.14 0.993 20 30
310.6 293.4 84 1.14 3.748 20 30
190.4 503 131.8 1.14 18.904 20 30
190.4 113 72 1.14 4.232 20 30
190.4 113 84 1.14 5.953 20 30
191 323.3 95.7 1.14 1.23 20 30
190.5 293.1 108.1 1.14 6.782 20 30
160.4 368 119 1.14 0.276 20 30
250.5 203.1 120.8 1.15 14.456 20 30
189.8 353.2 27.1 1.15 1.336 20 30
220.4 368 12 1.15 2.899 20 30
159.2 368 36.2 1.15 0.77 20 30
160.4 338 84 1.15 0.973 20 30
160.4 203 108 1.15 3.99 20 30
102.3 38 24 1.15 2.108 20 30
102.3 38.2 24 1.15 3.36 20 30
255.1 413.6 26.9 1.15 1.66 20 30
251.2 324.1 48 1.15 0.414 20 30
189.7 262.8 96 1.15 5.959 20 30
130.4 203 59.6 1.15 2.761 20 30
220.5 488 130.8 1.15 0.493 20 30
130.4 233 131 1.15 0.973 20 30
160.4 278 107.1 1.15 1.101 20 30
133.4 174.2 23.6 1.16 0.033 20 30
220 248 63 1.16 6.317 20 30
205 231 114.9 1.16 11.863 20 30
191.7 353.3 48.4 1.16 11.746 20 30
116.8 113.4 62.6 1.16 1.338 20 30
135.2 292.7 56.1 1.16 0.875 20 30
155 338 72 1.16 1.044 20 30
160.5 218 84 1.16 2.115 20 30
100.3 458 72.1 1.16 2.387 20 30
99.8 397 108.3 1.16 0.875 20 30
100.4 368 47.9 1.16 1.371 20 30
100.4 368 83.9 1.16 0.425 20 30
100.4 293 95.9 1.16 2.737 20 30
250.3 203.2 132 1.16 8.969 20 30
190.3 383.1 119.6 1.16 4.419 20 30
130 323 72 1.16 4.26 20 30
130.4 442.9 24.1 1.16 4.281 20 30
203 468 9 1.16 1.777 20 30
205.5 293.2 104.2 1.16 2.308 20 30
160.4 278 119.1 1.17 0.236 20 30
220 308 8 1.17 4.885 20 30
220.4 278 12 1.17 2.275 20 30
160.4 338 108 1.17 4.3 20 30
100.4 338 47.9 1.17 3.351 20 30
100.4 293 35.9 1.17 0.615 20 30
190.3 412.6 120 1.17 0.926 20 30
70.4 473 120.2 1.17 0.052 20 30
160.4 128 102.6 1.17 4.63 20 30
189.8 83.3 86 1.17 6.255 20 30
189.9 29.5 61.4 1.17 0.511 20 30
81 471.9 19.3 1.18 1.199 20 30
88.6 117 97.4 1.18 1.463 20 30
218.7 78.2 96 1.18 3.697 20 30
160.4 503 120.1 1.18 3.237 20 30
160 158 36 1.18 0.348 20 30
100.4 368 59.9 1.18 1 20 30
100.4 368 71.9 1.18 2.423 20 30
100.4 293 71.9 1.18 2.762 20 30
100.2 128.1 48.2 1.18 0.581 20 30
306.6 356.8 60 1.18 0.862 20 30
279.7 352.3 99.4 1.18 2.361 20 30
160.5 398 95 1.19 2.8 20 30
218.7 78.2 120 1.19 1.718 20 30
160.5 548 132 1.19 7.571 20 30
189.7 262.8 84 1.19 3.731 20 30
130 323 36 1.19 0.481 20 30
130.4 442.9 108.1 1.19 2.255 20 30
79.5 112.7 60 1.19 1.072 20 30
108.2 159.1 48.2 1.2 0.72 20 30
280.4 428 131 1.2 0.493 20 30
198.6 413.6 131.9 1.2 1.771 20 30
220 308 80 1.2 4.748 20 30
159.2 368 84.2 1.2 1.826 20 30
160.4 338 72 1.2 2.374 20 30
100.4 308 96.1 1.2 4.293 20 30
130.4 353 95.6 1.2 1.771 20 30
125.4 113.7 40.2 1.2 2.457 20 30
146 231.8 129.5 1.2 0.032 20 30
127.4 407.7 27 1.2 0.593 20 30
217 353 39 1.21 5.284 20 30
130.3 413.5 64.5 1.21 1.921 20 30
220 308 56 1.21 6.866 20 30
219.5 219.3 84.9 1.21 5.423 20 30
100.4 158 108.3 1.21 0.332 20 30
101.3 35.7 132.8 1.21 1.819 20 30
190.4 383 120 1.21 3.827 20 30
189.9 29.5 54.9 1.21 2.179 20 30
120 134.1 47.8 1.21 2.632 20 30
218.3 188.2 95 1.21 10.361 20 30
137.2 117.1 55.5 1.21 0.27 20 30
250.4 413 130.8 1.22 0.27 20 30
286.7 351.9 89.7 1.22 1.784 20 30
119.5 408.9 133.4 1.22 0.672 20 30
117 353.2 36.4 1.22 0.077 20 30
275.3 338.3 72 1.22 1.682 20 30
275.3 338.3 84 1.22 3.77 20 30
273.3 308.7 48 1.22 0.71 20 30
219.5 219.3 60.9 1.22 5.703 20 30
160.7 397.4 23.8 1.22 0.691 20 30
160.4 338 132 1.22 2.493 20 30
99.8 397 96.3 1.22 1.2 20 30
252.2 232.2 48 1.22 0.159 20 30
130.4 353 108 1.22 5.071 20 30
130.4 472.9 108.2 1.22 1.057 20 30
130.4 353 59.6 1.22 0.639 20 30
188.3 293.3 87.5 1.22 5.138 20 30
189.8 83.3 110 1.22 6.979 20 30
255.1 413.6 38.9 1.23 0.358 20 30
220.4 398 107.2 1.23 1.261 20 30
345.3 157.8 71.8 1.23 2.683 20 30
219.9 188.4 120.8 1.23 10.298 20 30
160 158 84 1.23 3.764 20 30
100.4 293 119.9 1.23 0.107 20 30
100.2 128.1 120.2 1.23 1.379 20 30
100.2 97.6 96.1 1.23 11.058 20 30
310.6 293.4 60 1.23 2.748 20 30
90.4 293.2 85.5 1.23 3.432 20 30
220 248 51 1.23 1.592 20 30
160.4 368 71 1.23 0.969 20 30
75 292.9 67.1 1.24 0.169 20 30
181.5 413.6 115.1 1.24 2.298 20 30
202.3 55.3 54 1.24 1.392 20 30
251.4 409 41.4 1.24 1.705 20 30
188.7 468.9 72.3 1.24 1.315 20 30
188.7 468.9 96.3 1.24 2.243 20 30
138.8 413.5 72.9 1.24 4.187 20 30
279.8 169.1 78.5 1.24 5.798 20 30
160 368 36 1.24 1.045 20 30
160 368 84 1.24 1.531 20 30
256.9 150.8 119.7 1.24 8.115 20 30
191.1 83.6 120 1.24 18.165 20 30
189.8 83.3 134 1.24 6.142 20 30
247.9 409.4 30 1.24 2.206 20 30
160.7 397.4 35.3 1.25 1.879 20 30
76.9 472 30.6 1.25 4.933 20 30
220.4 158 120 1.25 1.988 20 30
100.4 368 23.9 1.25 0.207 20 30
100.4 368 131.9 1.25 0.816 20 30
100.4 293 107.9 1.25 0.888 20 30
100 158 48 1.25 0.302 20 30
190.3 383.1 59.6 1.25 8.158 20 30
130 323 12 1.25 0.116 20 30
130.4 442.9 96.1 1.25 4.579 20 30
250.5 203.1 84.8 1.25 3.412 20 30
190.4 293 136 1.25 3.577 20 30
188.7 468.9 48.3 1.25 3.919 20 30
162.5 116.6 81.1 1.26 7.001 20 30
100 158 12 1.26 0.234 20 30
370.4 233 84 1.26 29.811 20 30
256 259.3 113.5 1.26 3.486 20 30
190.4 203 132 1.26 1.72 20 30
130.4 383 96 1.26 1.146 20 30
130.4 173.2 47.9 1.26 2.646 20 30
96.9 290.1 89.7 1.26 1.234 20 30
89.3 113.7 25.6 1.26 0.376 20 30
160.4 368 107 1.26 0.361 20 30
130.4 413 83.6 1.26 1.665 20 30
120 134.1 11.8 1.26 0.528 20 30
198.3 55.3 42.7 1.27 0.691 20 30
160.4 503 108.1 1.27 15.506 20 30
190.5 293.1 84.1 1.27 8.613 20 30
79.5 112.7 48 1.27 0.46 20 30
134 114.1 17.8 1.27 1.946 20 30
169.6 174.2 112.5 1.27 2.314 20 30
190.4 263 107.1 1.28 1.131 20 30
220.2 218.4 24.3 1.28 20.284 20 30
219.5 219.3 120.9 1.28 15.201 20 30
310.6 293.4 12 1.28 15.231 20 30
190.3 412.6 84 1.28 1.828 20 30
190.4 353 95.1 1.28 12.398 20 30
191 323.3 83.7 1.28 10.83 20 30
190.5 293.1 60.1 1.28 2.035 20 30
130.5 323 120 1.28 0.648 20 30
130.4 413 71.6 1.28 1.613 20 30
179.7 293.3 79.1 1.28 6.083 20 30
160.4 368 95 1.28 0.207 20 30
220.4 458 84 1.29 9.359 20 30
160.5 428 96 1.29 2.671 20 30
160.7 397.4 71.3 1.29 2.603 20 30
160 368 96 1.29 0.642 20 30
160.4 308 132 1.29 2.407 20 30
160 128 36 1.29 1.181 20 30
100.4 248 132 1.29 2.246 20 30
100.2 97.6 72.1 1.29 5.85 20 30
306.6 356.8 120 1.29 0.969 20 30
250.5 203.1 78.3 1.29 7.724 20 30
190.5 293.1 72.1 1.29 7.926 20 30
156 174.2 79.1 1.29 20.639 20 30
173 413.6 106.6 1.3 9.283 20 30
160.4 248 94.8 1.3 6.889 20 30
120 134.1 59.8 1.3 4.202 20 30
138.3 114.2 6.6 1.3 7.741 20 30
273.4 368.4 48 1.3 2.424 20 30
160.4 503 96.1 1.3 20.745 20 30
160.5 218 120 1.3 1.321 20 30
130.4 233 120 1.3 0.233 20 30
79.5 112.7 96 1.3 6.412 20 30
160.4 308 83.3 1.3 4.074 20 30
160.4 248 118.8 1.3 0.945 20 30
120 134.1 35.8 1.31 3.54 20 30
160.4 128 114.6 1.31 14.335 20 30
105.7 68 24 1.31 6.892 20 30
190.4 323 108 1.31 5.043 20 30
190.5 293.1 120.1 1.31 2.832 20 30
130.4 383 120 1.31 3.903 20 30
146.1 292.9 26 1.31 0.082 20 30
130.4 233 119 1.31 0.473 20 30
218.3 188.2 59 1.32 11.174 20 30
300.6 351 70.1 1.32 2.975 20 30
160.4 248 70.8 1.32 5.126 20 30
160.7 397.4 83.3 1.32 7.503 20 30
117 353.2 24.4 1.32 1.041 20 30
220.4 278 84 1.32 1.822 20 30
220.4 128.1 120 1.32 18.26 20 30
100.4 293 47.9 1.32 0.317 20 30
100 158 84 1.32 1.099 20 30
190.3 412.6 24 1.32 8.088 20 30
130.5 503 132 1.32 0.95 20 30
160.5 398 107 1.32 5.117 20 30
165.1 174.2 101.4 1.32 3.976 20 30
190.4 263 83.1 1.33 1.17 20 30
220.1 397.8 36 1.33 1.956 20 30
160 158 12 1.33 0.496 20 30
160 158 60 1.33 1.406 20 30
100.3 458 84.1 1.33 0.361 20 30
100 308 48 1.33 0.394 20 30
251.2 324.1 96 1.33 3.182 20 30
250.2 263.2 12 1.33 0.475 20 30
190.4 173 120 1.33 2.774 20 30
190.4 113 48 1.33 5.905 20 30
130.4 353 120 1.33 2.301 20 30
130 323 48 1.33 0.351 20 30
220.4 398 95.2 1.33 2.824 20 30
103.4 117.7 21.4 1.33 2.105 20 30
189.8 83.3 62 1.34 3.045 20 30
112.7 353 73.1 1.34 0.593 20 30
205.7 97.9 12.3 1.34 6.861 20 30
190.4 293 124 1.34 4.312 20 30
190.6 143.6 96 1.34 5.372 20 30
188.7 468.9 120.3 1.34 4.741 20 30
108.5 353 84.4 1.35 2.834 20 30
116.9 353.1 61.8 1.35 1.743 20 30
139.2 473.1 29.1 1.35 3.746 20 30
129 231.8 112.6 1.35 0.109 20 30
220 248 87 1.35 15.794 20 30
111.8 117.6 29.9 1.35 4.572 20 30
280.5 337.5 107.5 1.35 5.226 20 30
220.4 428 71.7 1.35 1.96 20 30
220.4 308 108 1.35 10.221 20 30
220.4 278 132 1.35 9.159 20 30
190.4 113 36 1.35 2.655 20 30
160.7 397.4 119.3 1.36 2.055 20 30
194.4 55.2 31.3 1.36 1.458 20 30
226.4 232.3 7.6 1.36 6.221 20 30
220.4 278 108 1.36 1.549 20 30
219.9 188.4 72.8 1.36 19.815 20 30
160.6 187.8 132 1.36 2.636 20 30
160 158 48 1.36 7.756 20 30
100.4 308 120.1 1.36 0.156 20 30
250.2 292.9 60 1.36 1.047 20 30
189.8 83.3 55.5 1.36 7.206 20 30
136.6 442.7 108 1.36 4.546 20 30
130.4 383 60 1.36 4.83 20 30
70.4 473 132.2 1.36 0.696 20 30
321.8 60 47.3 1.37 1.099 20 30
190.4 55.2 20 1.37 0.762 20 30
280.6 368.2 132.1 1.37 0.802 20 30
220.4 308 120 1.37 17.034 20 30
160 158 24 1.37 0.244 20 30
100.4 338 71.9 1.37 2.496 20 30
250.4 383 83.4 1.37 6.353 20 30
193 528.6 132 1.37 9.35 20 30
160.4 128 78.6 1.37 6.641 20 30
136 472.8 132 1.38 2.647 20 30
85 471.8 8 1.38 6.094 20 30
130.4 413 95.6 1.38 5.695 20 30
280.5 337.5 131.5 1.38 4.773 20 30
160 98 36 1.38 0.483 20 30
96.1 372.1 120 1.38 7.888 20 30
190.4 173 60 1.38 6.656 20 30
130.4 353 83.6 1.38 3.38 20 30
222.7 293.2 120.9 1.38 13.23 20 30
214.1 293.2 112.5 1.39 24.115 20 30
228 128 61.1 1.39 7.279 20 30
188.7 468.9 36.3 1.39 10.476 20 30
220.4 338 71.1 1.39 7.459 20 30
160.7 397.4 107.3 1.39 3.204 20 30
100.4 158 96.3 1.39 2.13 20 30
370.4 233 108 1.39 32.95 20 30
191 323.3 71.7 1.39 6.704 20 30
130.4 472.9 36.2 1.39 14.836 20 30
228 128 109.1 1.4 9.929 20 30
142 292.8 37.2 1.4 0.653 20 30
159.2 368 72.2 1.4 8.402 20 30
100.4 338 59.9 1.4 4.93 20 30
320.9 52.9 61.3 1.4 14.649 20 30
293.7 351.4 79.9 1.4 5.488 20 30
250.4 383 130.9 1.4 2.658 20 30
137.9 292.8 48.5 1.4 1.878 20 30
220.4 248 129 1.4 8.615 20 30
188.7 468.9 60.3 1.41 0.429 20 30
160 233 48 1.41 3.205 20 30
205.7 97.9 24.3 1.41 8.939 20 30
160.5 82.9 72.2 1.41 5.769 20 30
100.4 203 96 1.41 5.776 20 30
100.4 158 84.3 1.41 3.981 20 30
130.5 503 120 1.41 0.443 20 30
130.4 383 132 1.41 2.74 20 30
160.4 38 95.4 1.41 2.644 20 30
209.8 353 48.6 1.42 13.014 20 30
188.3 111.5 39.7 1.42 4.303 20 30
130.4 413 23.6 1.42 2.32 20 30
63 289.5 55.7 1.42 7.825 20 30
105.3 290.2 98.2 1.42 7.165 20 30
160.5 218 108 1.42 1.237 20 30
100.4 218 108 1.42 3.173 20 30
130.4 472.9 120.2 1.42 1.687 20 30
70.4 473 96.2 1.42 0.358 20 30
129.7 113.9 29 1.42 3.16 20 30
150.2 52 117.2 1.43 0.366 20 30
220.4 308 84 1.43 8.983 20 30
160 428 48 1.43 4.919 20 30
155 338 84 1.43 0.214 20 30
160.4 98 68 1.43 6.053 20 30
190.4 173 36 1.43 8.849 20 30
130.4 143 96.4 1.43 6.674 20 30
182.9 469.5 6.6 1.43 2.48 20 30
174.1 174.2 123.6 1.43 2.915 20 30
192.4 111.2 28.5 1.44 4.767 20 30
220.4 278 96 1.44 3.252 20 30
220.8 98.1 120.2 1.44 16.357 20 30
160.4 278 95.1 1.44 3.854 20 30
305 59.5 30.1 1.44 3.847 20 30
130.5 472.6 51.5 1.44 4.017 20 30
130.4 233 95 1.44 2.579 20 30
160.4 248 106.8 1.44 0.727 20 30
136.6 352.4 49.1 1.45 0.771 20 30
220.4 458 108 1.45 0.477 20 30
220.7 127.6 96.3 1.45 7.633 20 30
160 428 36 1.45 2.588 20 30
100.3 458 96.1 1.45 0.709 20 30
100.8 82.9 59.8 1.45 10.984 20 30
190.4 353 132 1.45 6.238 20 30
117.2 159.6 25.9 1.46 0.306 20 30
130.4 413 107.6 1.46 3.94 20 30
120.4 254.4 128.7 1.46 2.354 20 30
220.1 397.8 12 1.46 7.332 20 30
160 98 84 1.46 10.941 20 30
190.3 412.6 48 1.46 11.843 20 30
190.4 203 96 1.46 17.102 20 30
189.8 83.3 122 1.46 17.097 20 30
70.4 473 84.2 1.46 0.083 20 30
134.8 472.8 40.3 1.47 14.057 20 30
220.4 458 132 1.47 0.356 20 30
160.4 203 120 1.47 1.124 20 30
306.6 356.8 12 1.47 9.826 20 30
130.4 383 108 1.47 16.957 20 30
130.4 383 84 1.47 12.485 20 30
100.5 203.4 120 1.48 2.058 20 30
190.3 412.6 36 1.48 12.642 20 30
130.4 293.1 107.8 1.48 1.282 20 30
186.6 473.4 101.4 1.49 5.046 20 30
137.9 174.2 34.7 1.49 0.674 20 30
108.2 113.1 85 1.49 6.873 20 30
283.6 336.8 132 1.49 7.437 20 30
220.9 218.1 108 1.49 7.077 20 30
160.5 428 84 1.49 6.032 20 30
160 428 12 1.49 1.333 20 30
160 428 84 1.49 5.273 20 30
160.4 278 83.1 1.49 0.611 20 30
238.7 175.7 24 1.49 5.396 20 30
130 323 84 1.49 4.186 20 30
70.4 503 72 1.49 4.028 20 30
137.5 231.8 121 1.5 1.873 20 30
120.5 231.8 104.1 1.5 2.302 20 30
220.4 428 35.7 1.5 6.541 20 30
220.4 278 60 1.5 3.6 20 30
100 188 84 1.5 8.581 20 30
238.7 175.7 36 1.5 9.609 20 30
120 134.1 71.8 1.5 6.49 20 30
160 233 72 1.5 8.909 20 30
129.4 353.3 28.1 1.51 1.125 20 30
275.3 338.3 60 1.51 3.789 20 30
100.2 98.2 119.5 1.51 21.511 20 30
190.4 173 108 1.51 4.299 20 30
99.8 431.2 131.5 1.51 0.608 20 30
202.6 413 36.5 1.52 5.278 20 30
318.9 52.9 49.5 1.52 8.282 20 30
147 174.2 56.9 1.52 15.999 20 30
190.4 443.1 12 1.52 2.691 20 30
130.4 353 119.6 1.52 6.789 20 30
294.7 298.1 71.8 1.52 13.786 20 30
190.4 263 119.1 1.52 5.164 20 30
160.5 398 131 1.52 4.874 20 30
250.4 383 94.9 1.53 3.476 20 30
197.5 97.9 119.4 1.53 1.928 20 30
306.6 356.8 48 1.53 2.215 20 30
188.7 468.9 108.3 1.53 11.148 20 30
316.9 52.9 37.7 1.53 4.806 20 30
190.4 53 131.4 1.54 6.323 20 30
188.7 468.9 24.3 1.54 2.155 20 30
120.7 473.9 37.1 1.54 17.567 20 30
280.6 368.2 84.1 1.54 2.65 20 30
218.7 78.2 84 1.54 15.671 20 30
191 323.3 107.7 1.54 13.932 20 30
130.4 203 119.6 1.54 7.489 20 30
128.9 84.9 95.5 1.54 17.149 20 30
127.5 472.7 123.6 1.54 1.207 20 30
220.4 398 83.2 1.54 5.515 20 30
151.5 174.2 68 1.55 9.132 20 30
160 428 60 1.55 17.002 20 30
100.5 203.4 108 1.55 0.47 20 30
100.4 158 120.3 1.55 1.802 20 30
190.4 173 84 1.55 25.378 20 30
188.7 468.9 17.8 1.55 10.672 20 30
130.4 472.9 96.2 1.55 6.091 20 30
126.1 472.3 62.7 1.55 7.721 20 30
113.1 250.7 119.9 1.55 1.039 20 30
307.6 350.6 60.4 1.56 6.389 20 30
220.4 368 24 1.56 1.583 20 30
190.4 203 60 1.56 12.565 20 30
121 353.2 50.6 1.56 6.144 20 30
220.4 308 132 1.57 9.564 20 30
160 98 48 1.57 2.653 20 30
100.5 203.4 132 1.57 1.675 20 30
160.4 248 82.8 1.57 5.762 20 30
273.3 308.7 84 1.58 4.947 20 30
251.2 324.1 108 1.58 3.148 20 30
252.2 232.2 132 1.58 21.701 20 30
160.4 308 107.3 1.58 11.018 20 30
113.8 290.4 106.7 1.58 7.163 20 30
104 113 83.8 1.58 9.396 20 30
314.6 350.1 50.6 1.59 5.901 20 30
250.4 443 131.2 1.59 0.051 20 30
220.4 428 107.7 1.59 1.018 20 30
220.4 308 72 1.59 8.548 20 30
251.2 324.1 72 1.59 1.818 20 30
190.6 143.6 84 1.59 22.934 20 30
136.6 442.7 120 1.59 6.047 20 30
67.2 292.8 57.9 1.6 1.715 20 30
101.8 472.6 98.3 1.6 2.499 20 30
273.4 368.4 60 1.6 4.313 20 30
100.4 338 35.9 1.6 2.339 20 30
251.2 324.1 60 1.6 8.849 20 30
70.2 83.6 120 1.6 7.49 20 30
160.4 98 75.5 1.6 9.84 20 30
220.4 248 117 1.61 14.057 20 30
160 368 72 1.61 3.756 20 30
250.4 113 120 1.61 2.747 20 30
130.4 472.9 48.2 1.61 13.561 20 30
130.4 263 132 1.61 2.635 20 30
118.9 472.7 115.2 1.61 3.293 20 30
112.5 113.3 73.8 1.62 4.411 20 30
169.4 473.6 84.6 1.62 13.372 20 30
160 233 60 1.62 7.304 20 30
273.4 368.4 36 1.62 3.649 20 30
219.9 188.4 132.8 1.62 5.407 20 30
160.6 187.8 120 1.62 4.454 20 30
100.4 203 84 1.62 8.838 20 30
100.4 158 132.3 1.62 0.734 20 30
148 473.6 6.8 1.63 4.155 20 30
262.1 407.8 75.8 1.63 2.55 20 30
160 428 72 1.63 15.361 20 30
160.4 248 132 1.63 1.802 20 30
310.6 293.4 24 1.63 16.82 20 30
310.7 173.4 60 1.63 6.385 20 30
190.4 233 84 1.63 3.235 20 30
130.4 383 72 1.63 1.896 20 30
255.1 413.6 62.9 1.63 7.461 20 30
130.4 413 47.6 1.64 8.392 20 30
297 298.2 77.9 1.64 8.036 20 30
273.4 368.4 72 1.64 4.76 20 30
99.8 397 60.3 1.64 6.603 20 30
70.2 83.6 132 1.64 2.524 20 30
244.3 409.7 18.5 1.65 5.189 20 30
126.4 473.9 42.7 1.65 8.997 20 30
100.4 368 119.9 1.65 7.923 20 30
190.3 412.6 60 1.65 9.273 20 30
190.4 443.1 72 1.65 4.615 20 30
191 323.3 59.7 1.65 4.969 20 30
130.4 233 107 1.66 5.098 20 30
130.4 413 119.6 1.66 4.547 20 30
340.4 128 71.6 1.67 3.234 20 30
160 128 24 1.67 9.741 20 30
70.4 293 60 1.67 4.563 20 30
160.4 248 130.8 1.67 1.016 20 30
142.5 174.2 45.8 1.68 0.85 20 30
143.6 473.3 18 1.68 14.314 20 30
220.4 368 60 1.68 11.752 20 30
130.4 563 107.8 1.68 14.598 20 30
154 116.7 72.6 1.68 7.651 20 30
190.4 53 95.4 1.69 1.027 20 30
220.4 428 47.7 1.69 21.008 20 30
220.4 428 59.7 1.69 11.575 20 30
250.4 383 118.9 1.69 0.256 20 30
190.4 203 108 1.69 5.178 20 30
130.4 488 108 1.69 2.008 20 30
255.1 413.6 50.9 1.69 5.65 20 30
160.4 308 47.3 1.7 3.876 20 30
105.9 247 111 1.7 7.171 20 30
105.2 116.7 114.7 1.7 2.254 20 30
130.4 413 35.6 1.7 6.884 20 30
112.7 159.3 37 1.7 5.433 20 30
190.3 412.6 108 1.7 5.914 20 30
160 233 96 1.71 2.201 20 30
220.3 158.2 12.2 1.71 20.154 20 30
220.8 187.8 132 1.71 9.315 20 30
250.4 113 108 1.71 5.819 20 30
190.4 173 72 1.71 26.504 20 30
130.8 290.7 123.7 1.72 2.464 20 30
240.8 410.1 7.1 1.72 3.644 20 30
130.4 68 84 1.73 9.292 20 30
100.4 188 120 1.73 0.355 20 30
250.4 83 131.5 1.73 5.828 20 30
130.4 488 120 1.73 3.656 20 30
121.7 472.1 73.8 1.73 8.766 20 30
135 473.8 51.1 1.74 12.592 20 30
160.4 308 119.3 1.74 4.944 20 30
100.2 97.6 108.1 1.74 25.193 20 30
160.4 128 69.1 1.75 10.629 20 30
100.8 82.9 119.8 1.75 6.695 20 30
130.4 113 71.6 1.75 10.7 20 30
220.4 368 48 1.76 7.697 20 30
218.7 78.2 108 1.76 4.484 20 30
209.9 413.1 13.6 1.76 8.037 20 30
100.2 351.9 113 1.76 3.835 20 30
220.4 398 119.2 1.77 2.552 20 30
214.1 465.4 80.9 1.77 32.073 20 30
220.4 428 83.7 1.78 9.795 20 30
100.4 203 120 1.78 2.651 20 30
130.4 143 72.4 1.78 9.03 20 30
212.3 464.4 69.1 1.78 8.621 20 30
100.2 98.2 131 1.78 3.533 20 30
255 408.6 52.9 1.79 3.922 20 30
160.5 458 96 1.79 8.603 20 30
130.4 143 108.4 1.79 25.21 20 30
130.4 413 131.6 1.8 4.271 20 30
122.3 290.5 115.2 1.8 1.412 20 30
220.1 397.8 60 1.8 11.135 20 30
100.4 338 23.9 1.8 2.351 20 30
100.4 218 120 1.8 4.152 20 30
255.1 413.6 74.9 1.8 11.857 20 30
130.4 353 71.6 1.8 6.143 20 30
206.2 413.1 25.1 1.81 28.556 20 30
84.8 472.5 81.5 1.81 1.996 20 30
130.4 472.9 60.2 1.81 21.094 20 30
178 473.5 93 1.82 8.485 20 30
208.4 469.8 32 1.82 13.294 20 30
160 458 36 1.82 10.688 20 30
191.1 83.6 132 1.82 26.09 20 30
130.4 203 131.6 1.82 5.108 20 30
130.4 488 72 1.82 7.393 20 30
100.4 203 108 1.83 2.157 20 30
306.6 356.8 24 1.83 13.713 20 30
130.4 173.2 59.9 1.83 6.785 20 30
167.2 52.1 134.1 1.84 6.344 20 30
139.2 290.8 132.1 1.84 4.479 20 30
145.6 116.9 64 1.84 6.842 20 30
100.3 253.2 120.3 1.85 5.918 20 30
130.4 293.1 95.8 1.85 6.317 20 30
110.4 472.6 106.8 1.86 1.857 20 30
160.4 338 120 1.86 4.477 20 30
160 128 12 1.86 2.252 20 30
100 158 24 1.86 4.922 20 30
130.5 503 108 1.86 11.034 20 30
130.4 173.2 107.9 1.86 28.606 20 30
160.5 398 119 1.86 9.367 20 30
74.8 351.8 87.4 1.87 1.446 20 30
190.4 53 119.4 1.87 13.924 20 30
117.3 471.8 85 1.88 3.455 20 30
130.4 113 131.1 1.88 14.55 20 30
190.4 173 132 1.88 1.955 20 30
121.7 273 118.3 1.88 1.103 20 30
143.6 473.8 59.5 1.89 22.542 20 30
160.5 428 108 1.89 9.445 20 30
160 428 96 1.89 18.184 20 30
190.4 53 83.9 1.89 4.907 20 30
79.5 112.7 120 1.89 16.767 20 30
70.4 83 96 1.89 26.25 20 30
160 128 48 1.9 4.808 20 30
130.4 113 119.1 1.9 27.906 20 30
160.4 68 133.6 1.91 19.624 20 30
198.9 468.5 20.3 1.91 16.509 20 30
100.4 188 132 1.91 3.287 20 30
130.4 173.2 95.9 1.91 21.364 20 30
83.3 351.8 96 1.91 2.018 20 30
125.2 353.2 39.3 1.91 4.155 20 30
208.6 462.5 45.4 1.92 23.023 20 30
91.7 351.9 104.5 1.92 11.426 20 30
100.4 368 107.9 1.92 4.587 20 30
160.4 98 87.5 1.92 26.537 20 30
160 458 96 1.93 26.202 20 30
100.4 338 119.9 1.93 2.535 20 30
310.7 173.4 48 1.93 11.975 20 30
130.2 262.5 96.1 1.93 16.303 20 30
130.4 68 41.5 1.93 7.112 20 30
130.4 68 48 1.94 7.283 20 30
160 98 72 1.94 10.656 20 30
96.1 372.1 108 1.94 4.668 20 30
130.4 472.9 24.2 1.94 9.5 20 30
255.1 413.6 98.9 1.95 0.951 20 30
190.4 203 120 1.95 17.178 20 30
130.4 113 83.1 1.95 10.159 20 30
100.4 338 131.9 1.96 3.138 20 30
100.8 82.9 107.8 1.96 34.774 20 30
105.7 68 60 1.96 16.737 20 30
190.3 412.6 12 1.96 5.197 20 30
190.4 383 132 1.96 11.429 20 30
130.4 413 59.6 1.96 5.372 20 30
273.4 368.4 12 1.97 11.248 20 30
100.4 338 95.9 1.97 9.39 20 30
130.4 173 120 1.97 27.775 20 30
210.4 463.5 57.2 1.97 24.117 20 30
160 233 24 1.98 6.773 20 30
160 458 48 1.98 25.73 20 30
250.4 383 106.9 1.98 2.597 20 30
160 428 24 1.99 13.918 20 30
130.4 472.9 84.2 1.99 10.597 20 30
130.4 173.2 71.9 1.99 27.477 20 30
258.5 408.2 64.3 2 20.301 20 30
255.1 413.6 86.9 2 2.221 20 30
100.2 97.6 120.1 2 33.263 20 30
190.5 293.1 96.1 2 29.413 20 30
130.4 488 96 2 4.506 20 30
98.7 243.3 102.2 2 2.471 20 30
121.7 273 94.3 2.01 11.915 20 30
220.4 428 119.7 2.01 5.407 20 30
100.4 338 83.9 2.01 5.765 20 30
130.4 68 60 2.02 6.347 20 30
170.1 471.5 99.1 2.02 18.326 20 30
190.4 173 12 2.02 8.652 20 30
108.6 351.9 121.5 2.02 14.602 20 30
93.3 472.6 89.9 2.03 1.9 20 30
199.9 469.7 23.5 2.03 9.843 20 30
100.2 128.1 96.2 2.03 22.026 20 30
121.7 273 130.3 2.04 6.294 20 30
250.4 413 106.8 2.04 0.856 20 30
190.4 173 96 2.04 19.548 20 30
190.4 443.1 24 2.04 10.699 20 30
190.4 443.1 60 2.04 11.114 20 30
130.4 472.9 72.2 2.04 51.441 20 30
130.2 262.5 108.1 2.04 5.762 20 30
130.4 68 72 2.05 17.699 20 30
180 112.1 62.2 2.06 8.272 20 30
206.8 461.5 33.6 2.06 30.069 20 30
194.7 468.9 31.5 2.06 20.379 20 30
204.9 460.6 21.8 2.06 4.658 20 30
174.2 471.1 87.9 2.07 18.85 20 30
130.4 488 84 2.07 20.104 20 30
160.8 473.6 76.2 2.08 16.644 20 30
160.5 428 120 2.08 4.506 20 30
120 134.1 107.8 2.09 41.669 20 30
152.2 473.7 67.9 2.09 10.096 20 30
130.4 143 84.4 2.09 6.941 20 30
130.4 173.2 83.9 2.1 13.879 20 30
130.4 113 95.1 2.11 26.585 20 30
160 128 60 2.11 12.251 20 30
160 128 72 2.11 22.153 20 30
100.4 338 107.9 2.13 3.13 20 30
191.4 469.6 15.1 2.13 8.531 20 30
255.1 413.6 110.9 2.13 0.38 20 30
178.3 470.6 76.6 2.14 7.837 20 30
250.4 413 95.3 2.15 2.7 20 30
130.4 263 120 2.15 4.183 20 30
220.4 428 131.7 2.16 2.762 20 30
130.4 143 132.4 2.18 24.358 20 30
160 233 84 2.18 21.663 20 30
220.4 368 36 2.19 27.955 20 30
220.4 458 96 2.2 6.385 20 30
160.6 187.8 108 2.2 10.416 20 30
160 98 24 2.2 9.52 20 30
306.6 356.8 36 2.2 8.582 20 30
190.6 469.3 42.8 2.21 17.876 20 30
120 134.1 83.8 2.21 22.748 20 30
160 458 72 2.21 14.831 20 30
160.4 68 132 2.22 26.314 20 30
141.7 52 108.8 2.22 11.434 20 30
252.2 232.2 120 2.23 20.566 20 30
190.4 443.1 36 2.24 13.437 20 30
273.4 368.4 24 2.25 27.388 20 30
190.4 53 107.4 2.27 11.201 20 30
159.9 487.7 120 2.27 11.826 20 30
105.7 68 48 2.27 24.439 20 30
160 128 84 2.29 31.099 20 30
130.4 173 132 2.31 15.607 20 30
121.7 273 106.3 2.32 4.023 20 30
160 458 24 2.33 11.687 20 30
100.3 253.2 108.3 2.33 9.484 20 30
190.4 443.1 48 2.34 25.962 20 30
130.2 262.5 120.1 2.35 10.913 20 30
100.2 128.1 108.2 2.36 24.019 20 30
128.9 84.9 107 2.39 41.16 20 30
220.4 428 95.7 2.4 9.61 20 30
160.5 428 132 2.41 2.71 20 30
160 233 12 2.42 14.806 20 30
220.4 68 132 2.42 27.083 20 30
100.3 8.3 132.4 2.42 6.482 20 30
160 458 60 2.44 32.663 20 30
182.4 470.2 65.3 2.46 10.767 20 30
130.7 53 132 2.5 10.865 20 30
120 134.1 95.8 2.51 27.76 20 30
101.7 487 120 2.51 10.463 20 30
190.4 443.1 84 2.52 14.812 20 30
190.4 443.1 96 2.52 18.269 20 30
160.6 187.8 96 2.53 35.541 20 30
96.1 372.1 132 2.56 3.773 20 30
220.4 398 71.7 2.57 12.347 20 30
134.1 40.7 96.6 2.57 14.6 20 30
130.4 113 107.1 2.58 23.266 20 30
160 458 84 2.58 21.097 20 30
184.1 111.8 51 2.61 16.259 20 30
117.1 352 130 2.62 9.302 20 30
130.4 68 96 2.63 30.748 20 30
206.3 55.4 65.3 2.65 18.119 20 30
120 134.1 119.8 2.65 49.886 20 30
160.5 458 108 2.69 18.412 20 30
190.4 443.1 120 2.69 10.047 20 30
130.4 143 120.4 2.7 51.454 20 30
203.1 459.6 10 2.74 24.928 20 30
160.5 458 120 2.77 31.147 20 30
186.5 469.8 54.1 2.77 22.507 20 30
313.4 59.7 38.7 2.81 42.643 20 30
101.7 487 132 2.88 5.945 20 30
159.9 487.7 132 2.91 30.997 20 30
130.4 173.2 119.9 2.95 22.987 20 30
190.4 443.1 108 2.97 15.154 20 30
70.4 83 84 3 24.493 20 30
130.4 68 120 3.12 26.711 20 30
105.7 68 72 3.14 32.161 20 30
130.4 68 108 3.34 19.746 20 30
130.7 53 120 3.39 27.993 20 30
134.1 40.7 108.6 3.47 14.671 20 30
214.3 55.5 87.9 3.67 42.356 20 30
105.7 68 84 3.78 24.446 20 30
160.5 458 132 3.79 22.571 20 30
210.3 55.4 76.6 3.86 29.312 20 30
100.2 128.1 60.2 3.89 7.535 20 30
130.7 53 108 3.99 23.865 20 30
134.1 40.7 120.6 4.22 24.579 20 30
220.4 38 119.8 4.46 46.721 20 30
120 134.1 131.8 5.13 23.901 20 30
121.8 116.4 132 5.29 59.236 20 30
220.4 38 131.8 5.68 41.692 20 30
110.4 83.1 119.5 5.8 52.132 20 30
128.9 84.9 119 6.16 26.966 20 30
128.9 84.9 131 6.3 59.627 20 30
113.5 116.5 123.4 6.89 33.844 20 30
110.4 83.1 131 6.9 68.826 20 30
217.6 55.5 97.4 7.24 37.878 20 30
28.1 207.1 16.1 0.14 0 28 10
24.4 232.7 118.2 0.17 0 28 10
33.6 209.9 22.7 0.2 0.002 28 10
40.1 247.3 96.1 0.21 0 28 10
40.5 218 108 0.21 0 28 10
28.5 232.1 107 0.22 0 28 10
40.6 307.5 72.1 0.22 0 28 10
10 173 95 0.22 0 28 10
40.6 230.1 73.1 0.22 0.014 28 10
40.4 188 135.1 0.23 0 28 10
10 173 107 0.24 0.039 28 10
10.2 112.7 119.5 0.24 0 28 10
40.1 247.3 108.1 0.25 0 28 10
55.4 233 120 0.25 0.014 28 10
10.4 83 120.2 0.25 0 28 10
17.1 353 131.4 0.25 0 28 10
19.5 115.8 131.2 0.26 0.096 28 10
10.4 353 120 0.26 0.029 28 10
21.5 352.6 120.3 0.27 0 28 10
53.6 241.2 132 0.27 0.03 28 10
40.4 98.1 83.2 0.27 0 28 10
48 217.3 40.4 0.28 0.084 28 10
35.2 292 120.3 0.28 0.104 28 10
45.1 292.9 132 0.28 0 28 10
58.6 232.7 120 0.28 0 28 10
36.6 230.7 84.4 0.28 0.023 28 10
53.6 241.2 108 0.29 0 28 10
55.4 233 108 0.29 0 28 10
10 173 131 0.29 0.083 28 10
40.4 98.1 95.2 0.3 0.026 28 10
53.6 241.2 120 0.3 0.149 28 10
10.4 323 108 0.3 0 28 10
31.3 56 99.7 0.31 0.074 28 10
26 352.2 109.1 0.31 0 28 10
10.4 353 132 0.31 0.012 28 10
10.2 112.7 131 0.31 0 28 10
40.4 157.9 131.7 0.32 0.031 28 10
10.4 83 132.2 0.32 0 28 10
2.2 116 114.5 0.33 0 28 10
61.5 234.9 111.5 0.33 0.007 28 10
10.8 115.9 122.9 0.33 0.032 28 10
15.6 353.5 131.1 0.33 0.007 28 10
25.9 353.3 23.6 0.33 0.092 28 10
32.5 231.4 95.7 0.34 0.102 28 10
40.5 218 96 0.34 0.031 28 10
12.9 406.7 119.2 0.35 0 28 10
7.8 298 120 0.36 0.003 28 10
16.7 353.5 119.1 0.36 0 28 10
40.4 98.1 107.2 0.37 0.027 28 10
10.4 323 120 0.38 0 28 10
21.1 353.4 71.3 0.39 0.016 28 10
40.6 367.9 132 0.39 0.021 28 10
40.6 307.5 120.1 0.39 0.027 28 10
40.5 218 132 0.39 0.02 28 10
0.2 591.1 16.9 0.4 0.143 28 10
4.4 406.3 110.7 0.41 0.052 28 10
40.5 83 119.5 0.41 0.027 28 10
10 173 119 0.41 0.148 28 10
6.7 384.4 125 0.41 0 28 10
44.1 397.8 84 0.42 0.002 28 10
40.6 307.5 84.1 0.42 0.035 28 10
40.1 247.3 132.1 0.42 0.019 28 10
40.4 98.1 131.2 0.42 0.027 28 10
27.1 353.3 11.6 0.43 0.234 28 10
40.6 367.9 108 0.43 0.019 28 10
55.4 233 132 0.43 0.425 28 10
59.7 263.2 120 0.43 0.014 28 10
6.7 384.4 92.5 0.43 0.022 28 10
20 353.4 83.3 0.44 0 28 10
40.4 98.1 119.2 0.44 0.016 28 10
58.6 232.7 108 0.46 0.062 28 10
45.1 292.9 120 0.47 0.194 28 10
40.5 218 120 0.47 0.041 28 10
25 472.2 22.5 0.47 0.09 28 10
30.5 351.8 98 0.47 0.009 28 10
28.7 292.1 12 0.48 1.204 28 10
39.6 350.7 75.8 0.48 0.024 28 10
40 68 120 0.48 0.091 28 10
6.7 384.4 101 0.48 0.046 28 10
10.4 323 132 0.48 0.026 28 10
6.7 384.4 113 0.49 0.016 28 10
40.6 367.9 120 0.49 0.051 28 10
7.8 298 132 0.49 0.041 28 10
25.6 421.8 48 0.5 0.105 28 20
18.9 353.4 95.2 0.52 0.026 28 20
40.6 307.5 96.1 0.52 0.019 28 20
40.6 307.5 132.1 0.52 0.149 28 20
22.3 353.4 59.4 0.53 0.042 28 20
40.1 247.3 120.1 0.53 0.046 28 20
16.4 472.2 14.1 0.56 0.038 28 20
40.6 307.5 36.1 0.56 0.375 28 20
17.8 353.4 107.2 0.58 0.028 28 20
10.4 383 120 0.58 0.027 28 20
43.5 292 127.5 0.59 0.168 28 20
22.7 56.2 91.3 0.59 0.171 28 20
35 351.3 86.9 0.6 0.183 28 20
23.5 353.3 47.4 0.6 0.029 28 20
40.6 307.5 48.1 0.62 0.235 28 20
42.4 473.7 60.7 0.62 0 28 20
36.4 292.3 21.2 0.63 1.64 28 20
42.4 473.7 84.7 0.63 0 28 20
6.8 419 29.2 0.64 0.231 28 20
13.9 418.8 22.2 0.67 0.366 28 20
52.5 292.1 135.4 0.67 0.061 28 20
40.6 307.5 108.1 0.68 0.203 28 20
10.4 383 132 0.68 0.34 28 20
40.6 307.5 60.1 0.7 1.409 28 20
42.4 473.7 48.7 0.72 0.035 28 20
58.6 232.7 84 0.73 0.334 28 20
32 343.4 120 0.75 0.103 28 20
22.4 418.5 13.8 0.81 0.07 28 20
32 343.4 96 0.82 0.026 28 20
32 343.4 108 0.82 0.163 28 20
25.6 421.8 60 0.96 0.142 28 20
58.6 232.7 96 0.99 1.116 28 20
15.5 56.3 84.4 1.03 0.03 28 30
54.8 371.2 115.2 1.05 0.745 28 30
52.3 370 126.9 1.2 0.534 28 30
48.6 55.8 116.3 1.2 2.084 28 30
32 343.4 132 1.26 0.395 28 30
3 538.6 72 0.24 0.07 29 10
3 538.6 84 0.33 0 29 10
17.3 472.6 101.3 0.38 0 29 10
23.3 472.6 107.3 0.39 0.01 29 10
3 538.6 120 0.42 0.219 29 10
48.9 472.8 132.6 0.46 0.018 29 10
44.1 397.8 120 0.48 0.027 29 10
21.4 407 127.6 0.5 0 29 20
25.6 421.8 108 0.5 0.097 29 20
3 538.6 108 0.5 0.069 29 20
5.6 592.7 106 0.51 0.059 29 20
25.6 421.8 84 0.53 0.021 29 20
3 538.6 132 0.54 0.122 29 20
33.4 535.8 82.4 0.54 0.169 29 20
42.4 473.7 72.7 0.54 0 29 20
44.9 473.4 121.1 0.55 0.013 29 20
44.1 397.8 96 0.56 0.079 29 20
44.1 397.8 72 0.57 0.21 29 20
42.4 473.7 108.7 0.59 0.011 29 20
40.4 398 120 0.6 0.089 29 20
25.6 421.8 72 0.62 0.091 29 20
25.6 421.8 120 0.62 0.002 29 20
44.1 397.8 108 0.68 0.049 29 20
3 538.6 96 0.68 0.228 29 20
31.8 472.7 115.7 0.69 0.001 29 20
25.6 421.8 96 0.71 0.037 29 20
40.4 398 132 0.71 0.429 29 20
42.4 473.7 96.7 0.71 0.029 29 20
25.6 421.8 132 0.97 0.208 29 20
48.9 473.3 109.8 0.99 0.133 29 20
70.4 413 132 1.03 0.356 29 30
52.9 473.1 98.4 1.03 0.253 29 30
70.5 413 131.7 1.08 0.111 29 30
40.4 188 79.6 0.18 0 31 10
40.4 188 87.1 0.18 0.003 31 10
40.4 157.9 119.7 0.18 0.008 31 10
40.4 157.9 107.7 0.19 0 31 10
40.4 188 99.1 0.23 0 31 10
40 128 72 0.24 0 31 10
159.3 38 60 0.26 0.014 31 10
159.3 35.9 60 0.26 0.011 31 10
40.8 213.6 31.6 0.28 0.028 31 10
40 128 108 0.28 0 31 10
40.4 188 123.1 0.28 0 31 10
30.8 160.5 11.1 0.29 0.003 31 10
10 173 71 0.29 0.397 31 10
159.3 38 48 0.32 0 31 10
40.4 157.9 83.7 0.32 0.077 31 10
44.5 351.6 56.9 0.33 0.027 31 10
159.3 38 72 0.33 0.017 31 10
159.3 35.9 48 0.33 0 31 10
10 173 59 0.35 0.04 31 10
40.4 188 111.1 0.35 0 31 10
10.4 23 132.4 0.37 0.033 31 10
48.7 228.7 50.6 0.38 0.038 31 10
47.5 178.5 108.6 0.38 0.008 31 10
48.8 113.1 118.9 0.38 0.074 31 10
160.3 8.1 132 0.38 0.601 31 10
42.6 178.6 103.6 0.39 0.015 31 10
40.4 98.1 71.7 0.39 0 31 10
280.8 397.9 115 0.4 0 31 10
40.4 157.9 71.7 0.4 0.026 31 10
43.8 137.9 132 0.41 0.12 31 10
44.7 229.4 61.9 0.41 0.035 31 10
70.5 173.3 74 0.42 0.027 31 10
40.5 143 120 0.42 0.567 31 10
40 128 120 0.42 0.08 31 10
73.1 178.1 133.9 0.43 0.09 31 10
5.7 160 36.9 0.44 0.058 31 10
40 8 120 0.44 0.085 31 10
70.4 233 96.5 0.46 0.019 31 10
280.8 397.9 122 0.47 0.029 31 10
51.6 65.7 132 0.48 0.36 31 10
40.5 143 132 0.5 0.33 31 20
56.1 178.3 117 0.51 0.044 31 20
70.4 113 94.7 0.51 0.768 31 20
64.6 178.2 125.5 0.52 0 31 20
40.4 157.9 95.7 0.54 0.05 31 20
40 128 84 0.54 0.123 31 20
66.9 234.8 118 0.55 0.05 31 20
22.4 160.4 19.7 0.55 0.091 31 20
70.5 413 119.7 0.56 0.01 31 20
40 8 108 0.57 0.255 31 20
60.9 226.7 16.8 0.58 0.149 31 20
47.5 289.2 40.1 0.59 0.29 31 20
10 173 35 0.6 0.602 31 20
24.7 353.3 35.5 0.62 1.3 31 20
40.4 533 132 0.62 0.356 31 20
10 173 11 0.62 0.146 31 20
14.2 592.7 114.4 0.62 0.059 31 20
44.1 292.4 30.4 0.62 3.268 31 20
42.1 472.3 39.3 0.63 0.245 31 20
70.4 383 132 0.63 0 31 20
70.5 173.3 134 0.63 0.093 31 20
159.3 38 36 0.64 0.116 31 20
159.3 35.9 36 0.64 0.064 31 20
34.6 591.5 50.3 0.64 0.148 31 20
10 173 47 0.65 0.089 31 20
10.1 52.9 131.5 0.65 0.161 31 20
70.4 233 120.5 0.65 0.09 31 20
47.8 535.6 97 0.67 0.086 31 20
159.3 19.3 123.1 0.67 2.747 31 20
10 173 83 0.68 0.503 31 20
54.2 57.3 61.2 0.69 3.196 31 20
59.7 263.2 108 0.69 0.336 31 20
8.8 591.2 25.2 0.7 0.508 31 20
50.6 472.4 47.8 0.7 0.184 31 20
40 8 96 0.7 0.338 31 20
160.4 38 119.4 0.71 0.569 31 20
40 128 96 0.71 0.223 31 20
59.7 263.2 96 0.71 0.201 31 20
50.6 495.2 123.4 0.71 0.326 31 20
42.4 473.7 36.7 0.72 0.311 31 20
70.4 233 108.5 0.72 0.271 31 20
48.7 494.2 135.2 0.73 0.448 31 20
70.4 203 109 0.73 0.041 31 20
58.3 57.1 50 0.74 1.634 31 20
157.1 14.2 132.9 0.74 0.718 31 20
39.4 535.7 88.4 0.74 0.3 31 20
70.4 323 56.5 0.75 0.204 31 20
70.5 173.3 122 0.75 0.052 31 20
70.5 173.3 98 0.76 0.335 31 20
70.4 203 133 0.76 0.083 31 20
70.4 323 65 0.77 1.506 31 20
70.4 203 97 0.8 0.025 31 20
70.5 173.3 86 0.8 0.713 31 20
40.7 7.9 132 0.81 1.069 31 20
70.4 203 90.5 0.81 0.344 31 20
10 173 23 0.81 0.441 31 20
70.4 233 132.5 0.82 3.504 31 20
70.2 392.4 119.8 0.83 0.405 31 20
70.5 173.3 38 0.83 0.201 31 20
22.7 592.8 122.9 0.83 0.203 31 20
70.4 113 105.2 0.84 0.833 31 20
58.6 232.7 72 0.85 1.102 31 20
70.4 203 121 0.86 0.037 31 20
40 38 24 0.87 0.424 31 20
50 57.4 72.5 0.93 0.653 31 20
52.9 112.9 107.6 0.93 1.401 31 20
65.3 112.4 73.8 0.94 2.316 31 20
56.8 227.4 28 0.95 5.613 31 20
51.8 495.8 115.5 0.96 0.254 31 20
42.5 473.7 24.7 0.97 0.509 31 20
47.9 57.5 78.3 0.99 2.738 31 20
56.8 473 87.1 0.99 0.04 31 20
57.3 372.4 103.6 1.01 0.326 31 30
14.1 160.2 28.3 1.02 0.377 31 30
64.9 376 68.5 1.04 0.356 31 30
265.6 407.4 87.3 1.05 0.837 31 30
70.2 392.4 107.8 1.06 0.196 31 30
51.6 65.7 120 1.07 1.077 31 30
70.4 323 77 1.09 0.274 31 30
160.4 38 131.4 1.09 5.43 31 30
70.2 392.4 71.8 1.09 0.181 31 30
269.2 407 98.7 1.1 0.221 31 30
70.5 173.3 50 1.1 1.664 31 30
62.5 224.7 58.1 1.11 2.963 31 30
271.3 406.8 105.4 1.14 0.131 31 30
160.5 82.9 96.2 1.14 17.375 31 30
70.5 413 107.7 1.15 0.049 31 30
70.2 392.4 131.8 1.15 0.873 31 30
70.4 293 96 1.17 8.309 31 30
42.5 473.7 12.7 1.17 1.529 31 30
70.4 113 117.2 1.18 1.469 31 30
40.4 157.9 59.7 1.21 0.457 31 30
70.2 392.4 83.8 1.28 0.433 31 30
160.4 98 135.5 1.3 7.189 31 30
58.1 348.4 31.6 1.31 1.042 31 30
70.5 413 83.7 1.31 0.222 31 30
26 591.4 41.9 1.31 2.248 31 30
57.9 351.7 70.4 1.33 0.76 31 30
62.4 374.8 80.2 1.34 0.994 31 30
160 13.9 133.8 1.34 7.034 31 30
70.4 293 132 1.39 2.758 31 30
160.4 98 99.5 1.42 10.32 31 30
70.5 413 95.7 1.5 1.462 31 30
61.1 112.6 85.1 1.51 5.155 31 30
70.2 392.4 95.8 1.52 3.107 31 30
70.8 442.9 96 1.53 0.525 31 30
70.8 442.9 132 1.55 0.374 31 30
70.4 353 55.5 1.62 4.855 31 30
70.4 353 63 1.66 1.768 31 30
53.5 349 42.6 1.71 2.709 31 30
70.8 442.9 108 1.73 3.442 31 30
70.4 293 108 1.79 3.94 31 30
70.8 442.9 120 1.82 0.863 31 30
158.7 52.1 125.7 1.84 16.613 31 30
70.4 353 75 1.86 1.407 31 30
66.4 351.7 78.9 1.9 3.252 31 30
160.4 98 111.5 1.93 34.962 31 30
59.9 373.6 91.9 1.94 2.727 31 30
160.5 82.9 108.2 1.96 14.338 31 30
160.4 68 120 2.07 28.927 31 30
70.4 353 87 2.09 2.346 31 30
70.4 353 99 2.19 3.615 31 30
70.4 353 123 2.2 5.389 31 30
70.4 353 132 2.21 1.752 31 30
160.4 68 109.6 2.32 31.306 31 30
70.4 293 120 2.32 1.966 31 30
160.4 98 123.5 2.33 32.81 31 30
70.4 353 111 2.37 15.567 31 30
160.4 68 121.6 2.46 18.939 31 30
160.4 68 97.6 2.61 43.309 31 30
160.4 68 90.6 2.68 54.207 31 30
160.5 82.9 120.2 3.71 56.376 31 30
40 68 108 0.24 0.029 34 10
55.3 221 49.2 0.27 0.087 34 10
70.4 263 120 0.33 0.01 34 10
70.4 263 96 0.34 0.078 34 10
42.4 473.7 120.7 0.39 0 34 10
40.5 83 131 0.39 0.011 34 10
33.5 472.3 30.9 0.41 0.021 34 10
70.4 263 132 0.42 0.004 34 10
40 68 96 0.44 2.095 34 10
70.4 263 108 0.44 0.018 34 10
49.4 351.7 61.9 0.45 0.006 34 10
74.6 234.7 127.2 0.51 0.013 34 20
40 38 84 0.55 0.295 34 20
40.4 472.8 124.2 0.61 0.007 34 20
70.4 143 120 0.62 0.153 34 20
52.8 228.1 39.3 0.63 2.183 34 20
58.6 232.7 36 0.67 0.179 34 20
58.6 232.7 60 0.67 0.833 34 20
70.4 113 129.2 0.75 0.69 34 20
70.4 233 84.5 0.76 0.922 34 20
31.2 592.8 131.3 0.78 0.086 34 20
59.5 292.7 48.7 0.82 0.523 34 20
70.4 323 132 0.82 0.028 34 20
58.6 232.7 48 0.83 0.955 34 20
54.5 289.3 47.2 0.83 0.402 34 20
40 55.9 108 0.84 0.452 34 20
70.5 173.3 26 0.86 0.59 34 20
59.7 263.2 84 0.89 1.047 34 20
70.4 143 108 0.89 1.73 34 20
44.2 350.1 64.7 0.9 2.352 34 20
40 38 96 0.91 2.943 34 20
51.8 292.5 39.6 0.91 0.917 34 20
40 38 72 0.92 0.227 34 20
70.4 323 125 0.94 0.038 34 20
70.4 143 96 0.99 1.268 34 20
40 38 36 1.02 0.444 34 30
81.8 111.6 28.8 1.04 0.353 34 30
40 38 120 1.07 0.135 34 30
40 68 72 1.09 0.07 34 30
70.4 143 48 1.09 0.898 34 30
70.4 143 60 1.14 0.489 34 30
40.4 38 120.2 1.17 1.712 34 30
48.8 349.6 53.7 1.18 0.358 34 30
70.4 143 84 1.18 1.646 34 30
40 38 60 1.19 0.383 34 30
40 38 108 1.19 0.384 34 30
40 68 84 1.2 1.888 34 30
40 38 48 1.22 0.286 34 30
17.4 591.3 33.6 1.29 1.724 34 30
40.4 38 132.2 1.31 9.794 34 30
57 112.7 96.4 1.32 2.706 34 30
40.4 38 96.2 1.49 9.956 34 30
59.7 263.2 72 1.5 0.71 34 30
70.4 143 72 1.51 2.607 34 30
62.8 347.9 20.6 1.54 2.622 34 30
70.4 323 89 1.58 1.874 34 30
96.9 116.9 106.1 1.62 15.046 34 30
40.4 38 108.2 1.64 9.427 34 30
70.4 323 113 1.65 2.109 34 30
70.4 323 101 1.78 2.351 34 30
59.7 263.2 48 2.04 2.858 34 30
59.7 263.2 60 2.23 9.568 34 30
399 295.2 26.4 0.44 3.941 54 10
391.6 295.2 19.5 0.48 4.579 54 10
382.9 295.2 11.2 0.59 1.757 54 20
359.7 294.9 24.7 0.88 2.722 54 20
358.7 295 12.7 1.14 19.045 54 30
360.8 294.7 36.6 1.14 11.69 54 30
